Timestamp,DHT11_Temp_C,DHT11_Humidity_pct,MAX6675_OvenTemp_C,MQ6_ADC,MQ6_Ratio,Weight_g
2026-08-24 01:13:44,31.30,76.70,45.25,734,10.17,0.00
2026-08-24 01:13:49,31.30,76.70,45.75,733,10.19,0.00
2026-08-24 01:13:54,31.30,76.70,46.50,731,10.29,0.00
2026-08-24 01:13:59,31.30,76.70,48.25,734,10.24,0.00
2026-08-24 01:14:04,31.40,76.70,51.25,726,10.33,0.00
2026-08-24 01:14:09,31.40,76.70,55.50,721,10.36,0.00
2026-08-24 01:14:14,31.40,76.70,61.00,720,10.38,0.00
2026-08-24 01:14:19,31.40,76.70,68.00,720,10.41,0.00
2026-08-24 01:14:24,31.40,76.70,75.25,719,10.48,0.00
2026-08-24 01:14:29,31.50,76.80,83.75,719,10.47,0.00
2026-08-24 01:14:34,31.50,76.80,92.50,718,10.59,0.00
2026-08-24 01:14:39,31.60,76.80,102.25,714,10.66,0.00
2026-08-24 01:14:44,31.60,76.90,111.50,711,10.57,0.00
2026-08-24 01:14:49,31.70,76.90,121.75,711,11.63,0.00
2026-08-24 01:14:54,31.70,77.00,131.75,710,10.57,0.00
2026-08-24 01:14:59,31.80,77.00,142.00,706,10.59,0.00
2026-08-24 01:15:04,31.90,77.10,151.75,706,10.61,0.00
2026-08-24 01:15:09,32.00,77.10,161.50,704,10.65,0.00
2026-08-24 01:15:14,32.00,76.90,171.50,709,10.63,0.00
2026-08-24 01:15:19,32.20,76.90,181.00,705,12.22,0.00
2026-08-24 01:15:24,32.30,76.90,190.25,707,10.72,0.00
2026-08-24 01:15:29,32.50,76.90,199.50,704,10.68,0.00
2026-08-24 01:15:34,32.70,76.80,208.25,702,10.68,0.00
2026-08-24 01:15:39,32.80,76.70,216.75,705,10.70,0.00
2026-08-24 01:15:44,33.00,76.20,225.75,704,10.63,0.00
2026-08-24 01:15:49,33.20,76.10,233.75,705,10.70,0.00
2026-08-24 01:15:54,33.50,75.90,241.25,703,10.66,0.00
2026-08-24 01:15:59,33.70,75.70,249.75,714,10.70,0.00
2026-08-24 01:16:04,34.00,75.50,256.75,705,10.70,0.00
2026-08-24 01:16:09,34.10,75.00,264.75,705,10.68,0.00
2026-08-24 01:16:14,34.40,74.70,271.50,774,10.68,0.00
2026-08-24 01:16:19,34.70,74.40,277.75,706,10.66,0.00
2026-08-24 01:16:24,35.00,73.70,285.00,702,10.61,0.00
2026-08-24 01:16:29,35.30,73.30,291.25,705,10.65,0.00
2026-08-24 01:16:34,35.60,72.90,297.00,707,10.12,0.00
2026-08-24 01:16:39,35.90,72.30,303.75,709,10.63,0.00
2026-08-24 01:16:44,36.30,71.30,309.25,708,10.57,0.00
2026-08-24 01:16:49,36.60,70.50,315.25,762,10.59,0.00
2026-08-24 01:16:54,37.00,69.60,320.00,711,10.56,0.00
2026-08-24 01:16:59,37.30,69.20,325.00,714,10.56,0.00
2026-08-24 01:17:04,37.60,68.80,330.00,718,10.50,0.00
2026-08-24 01:17:09,38.00,68.10,334.50,715,10.47,0.00
2026-08-24 01:17:14,38.40,67.40,339.00,716,10.48,0.00
2026-08-24 01:17:19,38.90,66.70,342.75,717,10.45,0.00
2026-08-24 01:17:24,39.20,65.60,347.25,720,10.45,0.00
2026-08-24 01:17:29,39.50,65.00,350.50,720,10.40,0.00
2026-08-24 01:17:34,39.90,64.00,355.00,721,10.36,0.00
2026-08-24 01:17:39,40.40,62.70,357.50,723,10.38,0.00
2026-08-24 01:17:44,40.80,61.60,361.75,725,10.29,0.00
2026-08-24 01:17:49,41.20,60.10,364.50,729,11.84,0.00
2026-08-24 01:17:54,41.70,59.30,367.25,727,10.19,0.00
2026-08-24 01:17:59,42.00,58.60,370.25,736,10.14,0.00
2026-08-24 01:18:04,42.40,57.90,372.75,735,10.11,0.00
2026-08-24 01:18:09,42.90,57.10,375.25,720,10.09,0.00
2026-08-24 01:18:14,43.30,56.10,377.00,743,10.01,0.00
2026-08-24 01:18:19,43.70,55.30,380.25,749,9.94,0.00
2026-08-24 01:18:24,44.00,54.40,382.00,750,9.89,0.00
2026-08-24 01:18:29,44.50,53.50,384.00,752,9.88,0.00
2026-08-24 01:18:34,45.00,52.70,385.75,752,10.02,0.00
2026-08-24 01:18:39,45.40,51.60,388.50,756,9.84,0.00
2026-08-24 01:18:44,45.80,50.70,389.75,758,9.81,0.00
2026-08-24 01:18:49,46.20,49.60,391.75,754,9.78,0.00
2026-08-24 01:18:54,46.60,49.00,393.00,761,9.75,0.00
2026-08-24 01:18:59,47.00,48.10,394.75,762,9.70,0.00
2026-08-24 01:19:04,47.40,47.30,395.00,761,9.69,0.00
2026-08-24 01:19:09,47.90,46.60,397.00,763,9.69,0.00
2026-08-24 01:19:14,48.30,45.60,398.50,766,9.65,0.00
2026-08-24 01:19:19,48.60,45.00,399.75,767,9.65,0.00
2026-08-24 01:19:24,49.00,44.30,400.75,768,9.61,0.00
2026-08-24 01:19:29,49.40,43.50,401.50,769,9.59,0.00
2026-08-24 01:19:34,49.80,42.70,402.75,770,9.56,0.00
2026-08-24 01:19:39,50.20,42.00,403.50,771,10.98,0.00
2026-08-24 01:19:44,50.70,41.30,404.00,773,10.27,0.00
2026-08-24 01:19:49,51.00,40.80,405.25,771,9.49,0.00
2026-08-24 01:19:54,51.40,40.30,406.25,771,9.56,0.00
2026-08-24 01:19:59,51.80,39.50,406.25,771,8.42,0.00
2026-08-24 01:20:04,52.20,38.90,408.00,774,9.41,0.00
2026-08-24 01:20:09,52.50,38.10,408.25,775,9.50,0.00
2026-08-24 01:20:14,52.80,37.40,408.75,777,9.52,0.00
2026-08-24 01:20:19,53.10,36.80,409.75,772,9.50,0.00
2026-08-24 01:20:24,53.50,36.10,409.75,774,9.47,0.00
2026-08-24 01:20:29,53.90,35.40,410.25,775,8.87,0.00
2026-08-24 01:20:34,54.20,35.00,411.00,778,9.12,0.00
2026-08-24 01:20:39,54.70,34.30,411.25,775,9.47,0.00
2026-08-24 01:20:44,55.10,33.90,412.00,775,9.53,0.00
2026-08-24 01:20:49,55.30,33.50,412.00,777,9.46,0.00
2026-08-24 01:20:54,55.70,33.00,412.75,775,9.50,0.00
2026-08-24 01:20:59,56.00,32.50,413.25,777,9.50,0.00
2026-08-24 01:21:04,56.30,32.30,413.75,765,9.47,0.00
2026-08-24 01:21:09,56.70,31.90,413.25,830,9.49,0.00
2026-08-24 01:21:14,57.10,31.40,414.25,777,9.52,0.00
2026-08-24 01:21:19,57.30,31.20,414.50,775,9.53,0.00
2026-08-24 01:21:24,57.60,30.80,414.25,771,9.56,0.00
2026-08-24 01:21:29,57.90,30.40,415.00,771,9.55,0.00
2026-08-24 01:21:34,58.10,30.20,415.00,769,9.55,0.00
2026-08-24 01:21:39,58.40,30.00,415.50,771,9.55,0.00
2026-08-24 01:21:44,58.80,29.10,415.25,772,9.53,0.00
2026-08-24 01:21:49,59.00,28.30,416.00,770,9.58,0.00
2026-08-24 01:21:54,59.40,27.30,416.00,799,9.55,0.00
2026-08-24 01:21:59,59.70,26.50,416.50,774,9.58,0.00
2026-08-24 01:22:04,60.10,25.60,416.50,773,9.56,0.00
2026-08-24 01:22:09,60.10,25.30,415.75,769,9.59,0.00
2026-08-24 01:22:14,60.50,24.60,417.25,769,9.56,0.00
2026-08-24 01:22:19,60.80,24.00,417.25,770,9.59,0.00
2026-08-24 01:22:24,61.10,23.40,417.75,769,9.59,0.00
2026-08-24 01:22:29,61.20,23.10,417.75,771,9.62,0.00
2026-08-24 01:22:34,61.50,22.50,417.75,767,9.55,0.00
2026-08-24 01:22:39,61.80,22.00,417.50,767,9.64,0.00
2026-08-24 01:22:44,62.10,21.70,418.75,763,9.61,0.00
2026-08-24 01:22:49,62.40,21.30,418.25,766,9.64,0.00
2026-08-24 01:22:54,62.70,20.70,418.25,765,9.76,0.00
2026-08-24 01:22:59,63.00,20.20,418.50,775,9.67,0.00
2026-08-24 01:23:04,63.00,20.20,418.25,765,9.76,0.00
2026-08-24 01:23:09,63.20,20.00,419.25,764,9.65,0.00
2026-08-24 01:23:14,63.50,19.10,418.50,767,9.65,0.00
2026-08-24 01:23:19,63.70,18.60,419.25,764,9.69,0.00
2026-08-24 01:23:24,64.00,18.50,419.25,789,9.67,0.00
2026-08-24 01:23:29,64.20,17.70,419.25,763,9.70,0.00
2026-08-24 01:23:34,64.40,17.30,419.00,762,9.69,0.00
2026-08-24 01:23:39,64.70,16.90,419.25,762,9.64,0.00
2026-08-24 01:23:44,64.90,16.50,419.25,762,9.72,0.00
2026-08-24 01:23:49,65.20,15.80,419.50,691,9.65,0.00
2026-08-24 01:23:54,65.40,15.10,419.25,764,9.69,0.00
2026-08-24 01:23:59,65.50,14.70,420.00,765,9.70,0.00
2026-08-24 01:24:04,65.80,14.50,419.50,759,9.75,0.00
2026-08-24 01:24:09,66.00,14.50,419.50,762,9.65,0.00
2026-08-24 01:24:14,66.20,14.20,420.00,762,9.75,0.00
2026-08-24 01:24:19,66.40,13.90,419.25,762,9.81,0.00
2026-08-24 01:24:24,66.50,13.50,420.00,753,9.69,0.00
2026-08-24 01:24:29,66.70,13.20,419.75,763,9.70,0.00
2026-08-24 01:24:34,66.90,13.00,420.00,763,9.75,0.00
2026-08-24 01:24:39,67.10,13.00,420.25,759,9.72,0.00
2026-08-24 01:24:44,67.40,12.60,420.25,758,9.75,0.00
2026-08-24 01:24:49,67.60,12.30,420.25,762,9.76,0.00
2026-08-24 01:24:54,67.80,12.20,420.75,760,9.78,0.00
2026-08-24 01:24:59,68.00,11.90,420.25,757,9.78,0.00
2026-08-24 01:25:04,68.10,12.10,420.75,757,9.78,0.00
2026-08-24 01:25:09,68.30,11.90,420.00,755,9.80,0.00
2026-08-24 01:25:14,68.50,11.70,420.00,742,9.84,0.00
2026-08-24 01:25:19,68.60,11.60,421.25,755,9.80,0.00
2026-08-24 01:25:24,68.70,11.40,420.75,755,9.83,0.00
2026-08-24 01:25:29,68.90,11.20,420.75,754,9.38,0.00
2026-08-24 01:25:34,69.00,11.00,420.50,754,8.49,0.00
2026-08-24 01:25:39,69.00,11.20,421.25,752,9.86,0.00
2026-08-24 01:25:44,69.20,10.90,421.25,752,9.86,0.00
2026-08-24 01:25:49,69.30,10.90,421.25,752,9.86,0.00
2026-08-24 01:25:54,69.50,11.00,421.25,752,10.12,0.00
2026-08-24 01:25:59,69.70,10.80,421.00,750,9.86,0.00
2026-08-24 01:26:04,69.90,10.20,421.00,749,9.89,0.00
2026-08-24 01:26:09,70.00,10.50,421.00,767,9.89,0.00
2026-08-24 01:26:14,70.20,10.40,421.50,791,9.89,0.00
2026-08-24 01:26:19,70.30,10.30,421.50,749,9.88,0.00
2026-08-24 01:26:24,70.50,10.10,421.00,746,9.91,0.00
2026-08-24 01:26:29,70.60,10.00,421.50,749,9.91,0.00
2026-08-24 01:26:34,70.80,9.80,421.25,751,9.89,0.00
2026-08-24 01:26:39,71.00,9.70,421.75,749,9.89,0.00
2026-08-24 01:26:44,71.00,9.90,421.75,750,9.91,0.00
2026-08-24 01:26:49,71.10,10.00,421.75,748,9.94,0.00
2026-08-24 01:26:54,71.20,9.80,422.00,711,9.91,0.00
2026-08-24 01:26:59,71.40,9.60,421.75,720,9.94,0.00
2026-08-24 01:27:04,71.50,9.60,422.00,746,10.01,0.00
2026-08-24 01:27:09,71.60,9.60,422.50,747,9.96,0.00
2026-08-24 01:27:14,71.70,9.60,422.00,745,10.01,0.00
2026-08-24 01:27:19,71.80,9.40,422.25,749,9.81,0.00
2026-08-24 01:27:24,71.90,9.40,422.50,745,10.01,0.00
2026-08-24 01:27:29,72.10,9.70,422.00,747,9.92,0.00
2026-08-24 01:27:34,72.20,9.60,423.00,746,10.01,0.00
2026-08-24 01:27:39,72.40,9.40,422.75,743,10.02,0.00
2026-08-24 01:27:44,72.50,9.30,423.50,781,9.38,0.00
2026-08-24 01:27:49,72.60,9.20,422.75,749,9.92,0.00
2026-08-24 01:27:54,72.80,9.20,423.50,750,9.86,0.00
2026-08-24 01:27:59,72.90,9.10,423.25,752,9.88,0.00
2026-08-24 01:28:04,73.00,9.40,423.25,752,10.68,0.00
2026-08-24 01:28:09,73.10,9.30,423.75,752,9.86,0.00
2026-08-24 01:28:14,73.20,9.20,423.25,752,9.86,0.00
2026-08-24 01:28:19,73.30,9.20,423.75,714,9.86,0.00
2026-08-24 01:28:24,73.50,9.10,423.75,751,9.91,0.00
2026-08-24 01:28:29,73.60,9.20,424.00,751,9.89,0.00
2026-08-24 01:28:34,73.70,9.20,423.75,750,9.88,0.00
2026-08-24 01:28:39,73.80,9.10,423.50,750,9.89,0.00
2026-08-24 01:28:44,74.00,9.10,424.00,751,9.88,0.00
2026-08-24 01:28:49,74.00,9.40,423.75,751,9.86,0.00
2026-08-24 01:28:54,74.10,9.40,424.00,753,9.86,0.00
2026-08-24 01:28:59,74.30,9.40,423.50,751,9.88,0.00
2026-08-24 01:29:04,74.40,9.20,424.25,749,9.91,0.00
2026-08-24 01:29:09,74.50,9.20,423.75,751,9.81,0.00
2026-08-24 01:29:14,74.60,9.00,423.75,750,9.89,0.00
2026-08-24 01:29:19,74.70,9.00,423.25,750,9.91,0.00
2026-08-24 01:29:24,74.80,9.00,424.00,752,9.88,0.00
2026-08-24 01:29:29,74.90,8.90,424.00,750,9.92,0.00
2026-08-24 01:29:34,75.00,8.90,424.00,750,9.89,0.00
2026-08-24 01:29:39,75.10,9.20,423.50,749,9.89,0.00
2026-08-24 01:29:44,75.30,9.20,424.00,749,9.46,0.00
2026-08-24 01:29:49,75.40,9.20,423.75,747,9.89,0.00
2026-08-24 01:29:54,75.60,9.00,423.75,747,9.94,0.00
2026-08-24 01:29:59,75.70,9.00,424.00,747,9.91,0.00
2026-08-24 01:30:04,75.90,9.00,423.50,749,9.86,0.00
2026-08-24 01:30:09,76.00,8.90,423.50,746,9.88,0.00
2026-08-24 01:30:14,76.00,9.20,423.50,749,9.89,0.00
2026-08-24 01:30:19,76.10,9.20,423.25,751,9.86,0.00
2026-08-24 01:30:24,76.20,9.10,423.25,749,9.88,0.00
2026-08-24 01:30:29,76.30,9.00,422.75,747,9.88,0.00
2026-08-24 01:30:34,76.40,9.10,423.25,750,9.91,0.00
2026-08-24 01:30:39,76.50,9.00,423.25,746,10.01,0.00
2026-08-24 01:30:44,76.60,8.90,423.25,751,9.91,0.00
2026-08-24 01:30:49,76.70,9.00,423.75,741,9.91,0.00
2026-08-24 01:30:54,76.80,9.00,423.00,747,11.06,0.00
2026-08-24 01:30:59,76.90,9.00,423.50,749,9.91,0.00
2026-08-24 01:31:04,76.90,8.90,423.00,752,9.89,0.00
2026-08-24 01:31:09,77.00,9.30,422.75,747,9.89,0.00
2026-08-24 01:31:14,77.10,9.20,423.50,747,10.11,0.00
2026-08-24 01:31:19,77.10,9.10,423.00,750,9.84,0.00
2026-08-24 01:31:24,77.20,9.10,423.50,749,9.89,0.00
2026-08-24 01:31:29,77.30,9.10,423.25,749,9.89,0.00
2026-08-24 01:31:34,77.40,9.00,423.50,752,9.94,0.00
2026-08-24 01:31:39,77.50,9.00,423.00,821,9.94,0.00
2026-08-24 01:31:44,77.60,8.90,423.75,751,9.92,0.00
2026-08-24 01:31:49,77.60,8.90,423.25,752,9.88,0.00
2026-08-24 01:31:54,77.70,8.80,423.50,751,9.89,0.00
2026-08-24 01:31:59,77.80,8.80,423.50,751,9.89,0.00
2026-08-24 01:32:04,77.90,8.80,423.25,748,10.07,0.00
2026-08-24 01:32:09,78.00,8.80,423.50,751,9.91,0.00
2026-08-24 01:32:14,78.00,9.30,423.50,751,9.89,0.00
2026-08-24 01:32:19,78.10,9.30,423.25,750,9.96,0.00
2026-08-24 01:32:24,78.20,9.20,423.25,746,9.94,0.00
2026-08-24 01:32:29,78.30,9.20,423.75,747,9.96,0.00
2026-08-24 01:32:34,78.50,9.20,423.25,747,9.86,0.00
2026-08-24 01:32:39,78.60,9.20,423.75,752,9.96,0.00
2026-08-24 01:32:44,78.70,9.10,423.50,749,9.96,0.00
2026-08-24 01:32:49,78.80,9.10,423.75,751,9.89,0.00
2026-08-24 01:32:54,78.90,9.10,423.50,783,9.96,0.00
2026-08-24 01:32:59,79.00,9.10,423.50,747,9.96,0.00
2026-08-24 01:33:04,79.10,9.10,423.75,774,10.07,0.00
2026-08-24 01:33:09,79.10,9.40,424.25,747,9.88,0.00
2026-08-24 01:33:14,79.20,9.40,423.75,747,10.96,0.00
2026-08-24 01:33:19,79.30,9.40,424.25,745,9.96,0.00
2026-08-24 01:33:24,79.40,9.30,423.50,749,9.94,0.00
2026-08-24 01:33:29,79.50,9.30,423.75,739,9.94,0.00
2026-08-24 01:33:34,79.60,9.30,424.00,735,8.00,0.00
2026-08-24 01:33:39,79.70,9.30,424.00,743,10.36,0.00
2026-08-24 01:33:44,79.80,9.30,424.50,746,10.01,0.00
2026-08-24 01:33:49,79.90,9.30,424.00,745,10.01,0.00
2026-08-24 01:33:54,80.00,9.30,424.50,743,9.92,0.00
2026-08-24 01:33:59,80.10,9.30,423.75,747,9.97,0.00
2026-08-24 01:34:04,80.00,9.60,424.25,743,10.01,0.00
2026-08-24 01:34:09,80.10,9.70,424.25,745,10.01,0.00
2026-08-24 01:34:14,80.20,9.70,424.00,743,10.01,0.00
2026-08-24 01:34:19,80.20,9.70,424.75,743,9.97,0.00
2026-08-24 01:34:24,80.30,9.70,424.50,754,7.06,0.00
2026-08-24 01:34:29,80.40,9.70,424.25,745,9.99,0.00
2026-08-24 01:34:34,80.40,9.70,424.75,750,10.01,0.00
2026-08-24 01:34:39,80.50,9.60,424.75,745,9.97,0.00
2026-08-24 01:34:44,80.60,9.60,425.00,742,10.04,0.00
2026-08-24 01:34:49,80.70,9.60,425.00,745,10.31,0.00
2026-08-24 01:34:54,80.80,9.60,424.25,747,9.96,0.00
2026-08-24 01:34:59,80.80,9.60,424.75,746,9.94,0.00
2026-08-24 01:35:04,80.90,9.60,424.50,745,9.92,0.00
2026-08-24 01:35:09,81.00,9.60,425.25,747,9.91,0.00
2026-08-24 01:35:14,81.00,9.90,425.25,749,9.91,0.00
2026-08-24 01:35:19,81.10,9.90,424.25,749,9.94,0.00
2026-08-24 01:35:24,81.20,9.90,425.00,747,9.96,0.00
2026-08-24 01:35:29,81.30,9.80,425.25,753,9.91,0.00
2026-08-24 01:35:34,81.40,9.80,425.25,747,9.92,0.00
2026-08-24 01:35:39,81.50,9.80,425.00,747,9.94,0.00
2026-08-24 01:35:44,81.50,9.80,425.50,737,9.91,0.00
2026-08-24 01:35:49,81.60,9.80,425.25,752,9.92,0.00
2026-08-24 01:35:54,81.70,9.80,425.50,749,9.86,0.00
2026-08-24 01:35:59,81.80,9.80,425.75,748,9.86,0.00
2026-08-24 01:36:04,81.90,9.70,425.75,751,9.86,0.00
2026-08-24 01:36:09,82.00,9.70,426.25,750,9.97,0.00
2026-08-24 01:36:14,82.10,9.70,425.75,750,9.83,0.00
2026-08-24 01:36:19,82.00,10.00,425.75,749,9.89,0.00
2026-08-24 01:36:24,82.10,10.00,426.50,752,9.89,0.00
2026-08-24 01:36:29,82.20,10.00,425.75,750,9.86,0.00
2026-08-24 01:36:34,82.30,10.00,426.00,752,10.56,0.00
2026-08-24 01:36:39,82.40,9.90,425.75,752,9.86,0.00
2026-08-24 01:36:44,82.50,9.90,426.00,751,9.89,0.00
2026-08-24 01:36:49,82.60,9.90,425.25,752,9.88,0.00
2026-08-24 01:36:54,82.70,9.90,426.00,752,9.84,0.00
2026-08-24 01:36:59,82.80,10.00,426.75,752,9.86,0.00
2026-08-24 01:37:04,82.90,9.90,426.50,751,9.86,0.00
2026-08-24 01:37:09,83.00,9.90,426.25,752,9.86,0.00
2026-08-24 01:37:14,83.10,9.90,426.25,752,9.83,0.00
2026-08-24 01:37:19,83.10,9.90,426.75,752,9.86,0.00
2026-08-24 01:37:24,83.00,10.10,426.75,751,9.86,0.00
2026-08-24 01:37:29,83.10,10.10,426.50,752,9.22,0.00
2026-08-24 01:37:34,83.20,10.10,426.25,751,10.01,0.00
2026-08-24 01:37:39,83.30,10.10,426.25,752,9.86,0.00
2026-08-24 01:37:44,83.40,10.00,427.00,752,9.86,0.00
2026-08-24 01:37:49,83.50,10.00,426.75,752,9.86,0.00
2026-08-24 01:37:54,83.60,10.00,426.50,753,9.83,0.00
2026-08-24 01:37:59,83.70,10.00,427.00,752,9.86,0.00
2026-08-24 01:38:04,83.80,10.00,427.25,753,9.88,0.00
2026-08-24 01:38:09,83.80,10.00,427.00,753,9.86,0.00
2026-08-24 01:38:14,83.90,10.00,427.25,754,9.81,0.00
2026-08-24 01:38:19,84.00,10.00,427.25,755,9.84,0.00
2026-08-24 01:38:24,84.10,10.00,427.25,752,9.84,0.00
2026-08-24 01:38:29,84.00,10.20,427.50,755,10.07,0.00
2026-08-24 01:38:34,84.20,10.20,427.50,784,9.78,0.00
2026-08-24 01:38:39,84.40,10.20,427.25,755,9.78,0.00
2026-08-24 01:38:44,84.50,10.20,427.75,757,9.81,0.00
2026-08-24 01:38:49,84.70,10.20,428.00,755,9.83,0.00
2026-08-24 01:38:54,84.80,10.10,427.75,763,9.78,0.00
2026-08-24 01:38:59,85.00,10.10,428.00,758,9.97,0.00
2026-08-24 01:39:04,85.20,10.10,427.50,757,9.80,0.00
2026-08-24 01:39:09,85.40,10.10,427.75,758,8.69,0.00
2026-08-24 01:39:14,85.00,10.50,428.00,761,9.69,0.00
2026-08-24 01:39:19,85.00,10.50,427.75,759,9.37,0.00
2026-08-24 01:39:24,85.10,10.50,428.25,757,9.76,0.00
2026-08-24 01:39:29,85.20,10.50,427.75,757,9.76,0.00
2026-08-24 01:39:34,85.30,10.50,428.00,759,9.76,0.00
2026-08-24 01:39:39,85.40,10.50,428.00,758,9.81,0.00
2026-08-24 01:39:44,85.50,10.50,428.25,761,9.86,0.00
2026-08-24 01:39:49,85.50,10.50,428.25,758,9.75,0.00
2026-08-24 01:39:54,85.60,10.50,428.25,759,9.72,0.00
2026-08-24 01:39:59,85.70,10.50,428.50,763,9.70,0.00
2026-08-24 01:40:04,85.80,10.50,428.25,760,9.70,0.00
2026-08-24 01:40:09,85.90,10.50,428.75,759,9.72,0.00
2026-08-24 01:40:14,85.90,10.50,428.75,761,9.67,0.00
2026-08-24 01:40:19,86.00,10.50,428.75,761,9.64,0.00
2026-08-24 01:40:24,86.10,10.50,429.00,761,9.75,0.00
2026-08-24 01:40:29,86.00,0.00,429.25,787,9.70,0.00
2026-08-24 01:40:34,86.00,0.00,428.25,763,9.67,0.00
2026-08-24 01:40:39,86.20,0.00,429.25,761,9.69,0.00
2026-08-24 01:40:44,86.30,0.00,429.25,759,9.70,0.00
2026-08-24 01:40:49,86.40,0.00,429.25,761,9.78,0.00
2026-08-24 01:40:54,86.50,0.00,427.00,753,9.86,0.00
2026-08-24 01:40:59,86.40,0.00,425.50,749,9.89,0.00
2026-08-24 01:41:04,85.90,10.20,422.25,751,9.88,0.00
2026-08-24 01:41:09,85.10,10.20,420.50,750,9.91,0.00
2026-08-24 01:41:14,84.10,9.70,418.75,733,10.02,0.00
2026-08-24 01:41:19,83.10,9.70,416.25,740,10.07,0.00
2026-08-24 01:41:24,82.20,9.30,414.75,736,10.09,0.00
2026-08-24 01:41:29,81.50,9.00,413.25,729,10.26,0.00
2026-08-24 01:41:34,80.60,8.70,411.75,788,10.33,0.00
2026-08-24 01:41:39,79.90,8.40,410.25,721,9.61,0.00
2026-08-24 01:41:44,79.00,8.10,408.50,720,10.40,0.00
2026-08-24 01:41:49,77.90,7.60,407.25,723,10.40,0.00
2026-08-24 01:41:54,77.10,7.60,405.50,719,10.40,0.00
2026-08-24 01:41:59,76.50,7.30,404.50,727,10.24,0.00
2026-08-24 01:42:04,75.70,7.00,402.75,709,10.56,0.00
2026-08-24 01:42:09,74.80,6.60,402.25,710,10.56,0.00
2026-08-24 01:42:14,74.10,6.70,400.00,716,10.50,0.00
2026-08-24 01:42:19,73.40,6.40,400.25,715,10.45,0.00
2026-08-24 01:42:24,73.00,6.00,400.00,725,10.31,0.00
2026-08-24 01:42:29,72.70,6.10,401.00,723,10.33,0.00
2026-08-24 01:42:34,72.50,6.10,402.00,729,10.36,0.00
2026-08-24 01:42:39,72.50,6.20,402.50,733,10.40,0.00
2026-08-24 01:42:44,72.60,6.30,402.25,732,10.17,0.00
2026-08-24 01:42:49,72.70,6.30,403.00,752,10.12,0.00
2026-08-24 01:42:54,72.90,6.40,404.25,739,10.07,0.00
2026-08-24 01:42:59,73.00,6.90,405.00,743,10.02,0.00
2026-08-24 01:43:04,73.30,6.90,406.00,743,10.01,0.00
2026-08-24 01:43:09,73.50,7.00,406.25,747,9.86,0.00
2026-08-24 01:43:14,73.80,7.00,407.00,797,9.94,0.00
2026-08-24 01:43:19,74.00,7.00,408.00,749,9.97,0.00
2026-08-24 01:43:24,74.20,7.30,408.75,745,10.17,0.00
2026-08-24 01:43:29,74.40,7.30,409.00,771,10.04,0.00
2026-08-24 01:43:34,74.70,7.30,409.75,749,9.94,0.00
2026-08-24 01:43:39,74.90,7.30,410.25,749,9.91,0.00
2026-08-24 01:43:44,75.20,7.60,411.25,747,9.88,0.00
2026-08-24 01:43:49,75.60,7.50,411.25,750,9.86,0.00
2026-08-24 01:43:54,75.90,7.50,412.25,747,9.89,0.00
2026-08-24 01:43:59,76.10,7.80,412.50,752,9.91,0.00
2026-08-24 01:44:04,76.40,7.80,413.75,749,9.91,0.00
2026-08-24 01:44:09,76.70,7.80,414.00,750,9.86,0.00
2026-08-24 01:44:14,76.90,7.80,414.50,810,9.88,0.00
2026-08-24 01:44:19,77.10,8.10,415.25,751,9.88,0.00
2026-08-24 01:44:24,77.30,8.10,415.25,736,9.86,0.00
2026-08-24 01:44:29,77.60,8.10,415.50,752,9.88,0.00
2026-08-24 01:44:34,77.80,8.10,416.50,744,9.86,0.00
2026-08-24 01:44:39,78.00,8.60,416.75,752,9.86,0.00
2026-08-24 01:44:44,78.30,8.50,416.75,833,9.88,0.00
2026-08-24 01:44:49,78.60,8.50,417.25,754,9.86,0.00
2026-08-24 01:44:54,79.00,8.50,418.00,752,9.91,0.00
2026-08-24 01:44:59,79.10,8.80,418.25,751,9.86,0.00
2026-08-24 01:45:04,79.40,8.80,419.00,752,9.86,0.00
2026-08-24 01:45:09,79.80,8.80,419.25,752,9.86,0.00
2026-08-24 01:45:14,80.10,8.80,418.75,752,9.86,0.00
2026-08-24 01:45:19,80.10,9.20,420.00,773,9.86,0.00
2026-08-24 01:45:24,80.30,9.20,420.00,751,9.47,0.00
2026-08-24 01:45:29,80.50,9.10,420.25,752,9.86,0.00
2026-08-24 01:45:34,80.80,9.10,421.00,752,10.07,0.00
2026-08-24 01:45:39,81.00,9.10,420.75,753,9.86,0.00
2026-08-24 01:45:44,81.10,9.40,421.50,752,9.86,0.00
2026-08-24 01:45:49,81.40,9.40,421.75,752,9.86,0.00
2026-08-24 01:45:54,81.60,9.30,421.00,753,9.86,0.00
2026-08-24 01:45:59,81.90,9.30,422.00,754,9.84,0.00
2026-08-24 01:46:04,82.00,9.60,422.75,753,9.84,0.00
2026-08-24 01:46:09,82.20,9.60,422.50,768,9.84,0.00
2026-08-24 01:46:14,82.50,9.60,422.75,754,9.86,0.00
2026-08-24 01:46:19,82.70,9.60,423.00,752,9.86,0.00
2026-08-24 01:46:24,82.90,9.60,423.00,755,9.81,0.00
2026-08-24 01:46:29,83.00,10.00,423.50,753,9.86,0.00
2026-08-24 01:46:34,83.20,10.00,423.50,751,9.83,0.00
2026-08-24 01:46:39,83.40,10.00,423.50,754,9.81,0.00
2026-08-24 01:46:44,83.60,10.00,424.00,762,9.78,0.00
2026-08-24 01:46:49,83.80,10.00,423.50,759,9.76,0.00
2026-08-24 01:46:54,84.00,10.00,424.00,759,9.69,0.00
2026-08-24 01:46:59,84.10,10.00,424.25,762,9.75,0.00
2026-08-24 01:47:04,84.50,10.00,424.25,759,9.72,0.00
2026-08-24 01:47:09,84.90,10.00,424.25,762,9.67,0.00
2026-08-24 01:47:14,85.30,10.00,424.50,764,9.55,0.00
2026-08-24 01:47:19,85.00,10.40,424.00,764,9.70,0.00
2026-08-24 01:47:24,85.20,10.40,424.75,763,9.62,0.00
2026-08-24 01:47:29,85.40,10.40,425.00,709,9.69,0.00
2026-08-24 01:47:34,85.50,10.40,425.25,762,9.67,0.00
2026-08-24 01:47:39,85.70,10.40,424.50,763,9.72,0.00
2026-08-24 01:47:44,85.80,10.40,425.50,762,9.67,0.00
2026-08-24 01:47:49,86.00,10.40,425.00,765,9.69,0.00
2026-08-24 01:47:54,86.00,0.00,425.25,785,9.64,0.00
2026-08-24 01:47:59,86.20,0.00,425.50,765,9.65,0.00
2026-08-24 01:48:04,86.40,0.00,425.75,767,9.65,0.00
2026-08-24 01:48:09,86.50,0.00,425.50,767,9.65,0.00
2026-08-24 01:48:14,86.60,0.00,425.75,759,9.61,0.00
2026-08-24 01:48:19,86.80,0.00,425.75,763,9.64,0.00
2026-08-24 01:48:24,86.90,0.00,426.25,766,9.62,0.00
2026-08-24 01:48:29,87.00,0.00,425.75,767,9.64,0.00
2026-08-24 01:48:34,87.00,0.00,426.50,772,9.58,0.00
2026-08-24 01:48:39,87.10,0.00,426.00,767,9.58,0.00
2026-08-24 01:48:44,87.20,0.00,426.50,768,9.59,0.00
2026-08-24 01:48:49,87.40,0.00,426.25,769,9.59,0.00
2026-08-24 01:48:54,87.50,0.00,426.00,769,9.58,0.00
2026-08-24 01:48:59,87.60,0.00,426.50,771,9.55,0.00
2026-08-24 01:49:04,87.70,0.00,426.50,771,9.56,0.00
2026-08-24 01:49:09,87.80,0.00,426.50,770,9.56,0.00
2026-08-24 01:49:14,87.90,0.00,426.25,773,9.53,0.00
2026-08-24 01:49:19,88.10,0.00,426.25,770,9.56,0.00
2026-08-24 01:49:24,88.00,0.00,426.25,772,10.36,0.00
2026-08-24 01:49:29,88.20,0.00,426.50,773,9.52,0.00
2026-08-24 01:49:34,88.40,0.00,427.00,773,9.50,0.00
2026-08-24 01:49:39,88.60,0.00,426.75,880,9.50,0.00
2026-08-24 01:49:44,88.80,0.00,427.50,775,9.50,0.00
2026-08-24 01:49:49,89.00,0.00,427.00,778,9.47,0.00
2026-08-24 01:49:54,89.20,0.00,426.75,778,9.50,0.00
2026-08-24 01:49:59,89.40,0.00,427.00,778,7.23,0.00
2026-08-24 01:50:04,89.00,0.00,426.50,778,9.99,0.00
2026-08-24 01:50:09,89.10,0.00,427.00,779,9.37,0.00
2026-08-24 01:50:14,89.20,0.00,427.25,779,9.43,0.00
2026-08-24 01:50:19,89.30,0.00,426.75,783,9.40,0.00
2026-08-24 01:50:24,89.40,0.00,427.50,779,9.38,0.00
2026-08-24 01:50:29,89.40,0.00,427.50,782,9.38,0.00
2026-08-24 01:50:34,89.50,0.00,427.00,784,9.38,0.00
2026-08-24 01:50:39,89.60,0.00,427.75,784,9.37,0.00
2026-08-24 01:50:44,89.70,0.00,427.75,747,9.44,0.00
2026-08-24 01:50:49,89.80,0.00,427.75,782,9.37,0.00
2026-08-24 01:50:54,89.90,0.00,427.50,781,9.37,0.00
2026-08-24 01:50:59,89.90,0.00,428.00,784,9.41,0.00
2026-08-24 01:51:04,90.00,0.00,427.50,784,9.37,0.00
2026-08-24 01:51:09,90.10,0.00,427.75,784,9.37,0.00
2026-08-24 01:51:14,90.00,0.00,428.00,785,9.37,0.00
2026-08-24 01:51:19,90.20,0.00,428.00,785,9.37,0.00
2026-08-24 01:51:24,90.40,0.00,428.00,794,9.35,0.00
2026-08-24 01:51:29,90.50,0.00,428.25,786,9.34,0.00
2026-08-24 01:51:34,90.60,0.00,428.00,786,9.37,0.00
2026-08-24 01:51:39,90.80,0.00,428.25,787,9.37,0.00
2026-08-24 01:51:44,91.00,0.00,428.25,786,9.34,0.00
2026-08-24 01:51:49,91.10,0.00,428.75,785,9.40,0.00
2026-08-24 01:51:54,91.20,0.00,428.25,786,9.26,0.00
2026-08-24 01:51:59,91.40,0.00,427.75,786,9.34,0.00
2026-08-24 01:52:04,91.50,0.00,428.75,789,9.35,0.00
2026-08-24 01:52:09,91.00,0.00,428.25,787,9.29,0.00
2026-08-24 01:52:14,91.10,0.00,428.25,784,9.37,0.00
2026-08-24 01:52:19,91.20,0.00,428.50,791,9.34,0.00
2026-08-24 01:52:24,91.20,0.00,429.00,778,9.47,0.00
2026-08-24 01:52:29,91.30,0.00,428.75,780,9.41,0.00
2026-08-24 01:52:34,91.40,0.00,429.25,782,9.41,0.00
2026-08-24 01:52:39,91.40,0.00,429.00,779,9.44,0.00
2026-08-24 01:52:44,91.50,0.00,429.00,779,9.41,0.00
2026-08-24 01:52:49,91.60,0.00,429.00,782,9.41,0.00
2026-08-24 01:52:54,91.60,0.00,428.75,785,9.28,0.00
2026-08-24 01:52:59,91.70,0.00,428.50,782,9.44,0.00
2026-08-24 01:53:04,91.50,0.00,426.75,770,9.58,0.00
2026-08-24 01:53:09,91.00,0.00,424.75,757,9.96,0.00
2026-08-24 01:53:14,90.10,0.00,422.50,752,9.86,0.00
2026-08-24 01:53:19,89.30,0.00,421.00,805,9.88,0.00
2026-08-24 01:53:24,88.40,0.00,416.25,747,9.97,0.00
2026-08-24 01:53:29,87.40,0.00,409.50,743,9.89,0.00
2026-08-24 01:53:34,86.70,0.00,402.25,743,10.06,0.00
2026-08-24 01:53:39,85.60,10.10,394.00,742,10.11,0.00
2026-08-24 01:53:44,84.60,10.00,385.50,736,10.14,0.00
2026-08-24 01:53:49,83.30,9.70,377.00,735,11.02,0.00
2026-08-24 01:53:54,82.20,9.30,368.50,731,10.17,0.00
2026-08-24 01:53:59,81.10,9.00,360.50,730,10.16,0.00
2026-08-24 01:54:04,80.40,8.70,352.00,727,10.21,0.00
2026-08-24 01:54:09,79.40,8.30,344.00,981,11.04,0.00
2026-08-24 01:54:14,78.30,8.00,336.50,730,10.27,0.00
2026-08-24 01:54:19,77.30,7.50,329.25,727,10.27,0.00
2026-08-24 01:54:24,76.50,7.20,322.00,752,10.34,0.00
2026-08-24 01:54:29,75.50,7.00,314.50,720,10.29,0.00
2026-08-24 01:54:34,74.70,6.60,308.00,725,10.31,0.00
2026-08-24 01:54:39,73.80,6.30,301.00,726,10.31,0.00
2026-08-24 01:54:44,72.90,5.90,294.00,723,10.45,0.00
2026-08-24 01:54:49,72.00,5.90,287.50,751,10.34,0.00
2026-08-24 01:54:54,71.20,5.70,282.00,723,10.34,0.00
2026-08-24 01:54:59,70.60,5.40,275.00,722,10.27,0.00
2026-08-24 01:55:04,69.80,4.90,268.75,726,10.16,0.00
2026-08-24 01:55:09,69.10,4.70,263.50,725,10.27,0.00
2026-08-24 01:55:14,68.40,4.70,257.25,726,10.65,0.00
2026-08-24 01:55:19,67.80,4.20,252.00,729,10.24,0.00
2026-08-24 01:55:24,66.90,4.00,247.00,731,10.27,0.00
2026-08-24 01:55:29,66.40,4.00,242.00,711,10.22,0.00
2026-08-24 01:55:34,65.70,3.80,236.75,727,10.12,0.00
2026-08-24 01:55:39,65.10,3.90,232.00,730,10.21,0.00
2026-08-24 01:55:44,64.40,3.50,227.50,733,10.21,0.00
2026-08-24 01:55:49,63.80,3.30,222.50,730,9.89,0.00
2026-08-24 01:55:54,63.10,3.40,218.00,734,10.16,0.00
2026-08-24 01:55:59,62.80,3.00,213.25,733,10.16,0.00
2026-08-24 01:56:04,62.10,3.10,209.25,735,10.16,0.00
2026-08-24 01:56:09,61.50,3.00,205.25,737,10.12,0.00
2026-08-24 01:56:14,61.00,2.80,201.00,740,10.09,0.00
2026-08-24 01:56:19,60.40,3.00,197.50,742,10.11,0.00
2026-08-24 01:56:24,60.00,2.80,193.25,742,10.07,0.00
2026-08-24 01:56:29,59.60,3.10,189.50,777,10.04,0.00
2026-08-24 01:56:34,59.00,3.30,185.75,742,10.01,0.00
2026-08-24 01:56:39,58.70,3.40,181.75,737,10.01,0.00
2026-08-24 01:56:44,58.20,3.60,179.25,740,10.02,0.00
2026-08-24 01:56:49,57.80,3.30,175.75,743,11.32,0.00
2026-08-24 01:56:54,57.40,3.60,172.75,743,10.16,0.00
2026-08-24 01:56:59,57.00,4.20,169.75,743,10.02,0.00
2026-08-24 01:57:04,56.60,4.30,166.25,749,9.94,0.00
2026-08-24 01:57:09,56.10,4.90,163.50,746,9.92,0.00
2026-08-24 01:57:14,55.80,5.60,160.50,751,10.65,0.00
2026-08-24 01:57:19,55.40,6.00,157.50,734,11.91,0.00
2026-08-24 01:57:24,55.00,6.00,155.00,725,10.36,0.00
2026-08-24 01:57:29,54.70,6.30,152.00,757,10.45,0.00
2026-08-24 01:57:34,54.20,6.30,149.75,709,8.91,0.00
2026-08-24 01:57:39,53.90,6.00,147.00,715,12.45,0.00
2026-08-24 01:57:44,53.50,6.10,144.50,702,10.70,0.00
2026-08-24 01:57:49,53.20,6.50,142.50,695,10.72,0.00
2026-08-24 01:57:54,52.90,6.40,139.75,687,9.37,0.00
2026-08-24 01:57:59,52.60,7.20,137.00,688,15.56,0.00
2026-08-24 01:58:04,52.30,7.70,134.75,683,11.10,0.00
2026-08-24 01:58:09,52.00,8.00,133.50,691,10.94,0.00
2026-08-24 01:58:14,51.70,9.00,131.00,686,10.98,0.00
2026-08-24 01:58:19,51.40,9.70,128.50,682,11.12,0.00
2026-08-24 01:58:24,51.10,11.00,126.75,683,11.48,0.00
2026-08-24 01:58:29,50.80,12.10,124.75,666,11.08,0.00
2026-08-24 01:58:34,50.50,13.10,122.75,675,11.26,0.00
2026-08-24 01:58:39,50.10,14.20,121.00,669,11.10,0.00
2026-08-24 01:58:44,49.90,15.30,119.50,666,11.40,0.00
2026-08-24 01:58:49,49.60,16.30,117.75,660,11.42,0.00
2026-08-24 01:58:54,49.30,17.30,116.00,665,12.38,0.00
2026-08-24 01:58:59,49.10,19.00,114.00,672,11.36,0.00
2026-08-24 01:59:04,48.90,20.20,112.75,627,11.44,0.00
2026-08-24 01:59:09,48.70,20.60,111.25,658,11.50,0.00
2026-08-24 01:59:14,48.40,21.00,109.25,658,11.56,0.00
2026-08-24 01:59:19,48.20,21.60,108.25,657,10.11,0.00
2026-08-24 01:59:24,48.00,22.50,106.50,656,11.63,0.00
2026-08-24 01:59:29,47.70,23.10,105.50,656,11.63,0.00
2026-08-24 01:59:34,47.40,23.70,103.75,656,11.65,0.00
2026-08-24 01:59:39,47.20,24.40,102.75,654,11.65,0.00
2026-08-24 01:59:44,47.00,25.50,101.25,655,11.71,0.00
2026-08-24 01:59:49,46.80,25.90,99.75,647,11.82,0.00
2026-08-24 01:59:54,46.60,26.50,98.75,648,11.82,0.00
2026-08-24 01:59:59,46.40,27.00,97.00,646,12.34,0.00
2026-08-24 02:00:04,46.20,28.20,95.75,707,11.93,0.00
2026-08-24 02:00:09,46.00,28.80,94.75,640,11.97,0.00
2026-08-24 02:00:14,45.90,29.30,94.00,639,12.04,0.00
2026-08-24 02:00:19,45.70,29.80,92.50,639,12.02,0.00
2026-08-24 02:00:24,45.60,30.10,91.25,635,12.06,0.00
2026-08-24 02:00:29,45.40,30.40,90.50,631,12.11,0.00
2026-08-24 02:00:34,45.30,30.80,89.00,642,12.60,0.00
2026-08-24 02:00:39,45.10,31.20,88.25,635,12.08,0.00
2026-08-24 02:00:44,45.00,31.40,86.75,637,12.06,0.00
2026-08-24 02:00:49,44.90,31.90,85.50,636,12.08,0.00
2026-08-24 02:00:54,44.70,32.10,85.25,638,12.08,0.00
2026-08-24 02:00:59,44.60,32.40,84.25,638,12.04,0.00
2026-08-24 02:01:04,44.40,32.70,83.25,638,12.04,0.00
2026-08-24 02:01:09,44.30,32.80,82.25,638,11.86,0.00
2026-08-24 02:01:14,44.20,33.20,81.50,635,12.04,0.00
2026-08-24 02:01:19,44.10,33.50,80.75,593,14.89,0.00
2026-08-24 02:01:24,43.90,33.70,79.25,635,12.08,0.00
2026-08-24 02:01:29,43.80,34.00,78.75,636,35.47,0.00
2026-08-24 02:01:34,43.70,34.10,78.50,634,12.18,0.00
2026-08-24 02:01:39,43.60,34.50,77.75,631,12.08,0.00
2026-08-24 02:01:44,43.50,34.70,76.75,634,11.65,0.00
2026-08-24 02:01:49,43.40,34.70,76.00,710,12.22,0.00
2026-08-24 02:01:54,43.30,34.90,75.00,634,12.18,0.00
2026-08-24 02:01:59,43.20,35.30,74.00,634,12.15,0.00
2026-08-24 02:02:04,43.10,35.50,73.75,630,10.79,0.00
2026-08-24 02:02:09,43.00,35.70,73.00,630,12.18,0.00
2026-08-24 02:02:14,42.90,35.90,72.75,629,12.20,0.00
2026-08-24 02:02:19,42.80,35.90,71.00,633,12.50,0.00
2026-08-24 02:02:24,42.70,36.30,70.50,626,12.13,0.00
2026-08-24 02:02:29,42.60,36.50,70.00,626,12.31,0.00
2026-08-24 02:02:34,42.50,36.80,69.75,625,12.29,0.00
2026-08-24 02:02:39,42.50,36.80,68.75,630,12.34,0.00
2026-08-24 02:02:44,42.30,37.10,68.00,624,12.36,0.00
2026-08-24 02:02:49,42.30,37.40,67.75,621,12.45,0.00
2026-08-24 02:02:54,42.20,37.50,67.50,622,12.41,0.00
2026-08-24 02:02:59,42.00,37.90,67.25,622,12.34,0.00
2026-08-24 02:03:04,42.00,38.10,66.50,566,12.36,0.00
2026-08-24 02:03:09,41.90,38.60,65.50,621,12.38,0.00
2026-08-24 02:03:14,41.90,39.00,65.00,734,12.34,0.00
2026-08-24 02:03:19,41.80,39.20,65.00,601,12.34,0.00
2026-08-24 02:03:24,41.70,39.20,64.00,620,12.38,0.00
2026-08-24 02:03:29,41.70,39.60,64.50,622,12.36,0.00
2026-08-24 02:03:34,41.60,39.80,63.00,623,12.41,0.00
2026-08-24 02:03:39,41.50,39.90,62.75,609,12.41,0.00
2026-08-24 02:03:44,41.50,40.00,61.75,621,12.45,0.00
2026-08-24 02:03:49,41.40,40.10,61.75,617,12.53,0.00
2026-08-24 02:03:54,41.40,40.20,61.75,610,12.60,0.00
2026-08-24 02:03:59,41.30,40.30,60.75,611,12.70,0.00
2026-08-24 02:04:04,41.30,40.40,60.25,610,12.60,0.00
2026-08-24 02:04:09,41.20,40.40,60.00,608,13.00,0.00
2026-08-24 02:04:14,41.10,40.50,59.75,608,12.67,0.00
2026-08-24 02:04:19,41.10,40.60,59.00,608,12.65,0.00
2026-08-24 02:04:24,41.00,40.70,58.75,609,12.89,0.00
2026-08-24 02:04:29,41.00,41.00,58.25,603,12.79,0.00
2026-08-24 02:04:34,40.90,41.30,58.50,623,12.38,0.00
2026-08-24 02:04:39,40.90,41.20,58.00,610,12.67,0.00
2026-08-24 02:04:44,40.80,41.40,57.25,605,12.74,0.00
2026-08-24 02:04:49,40.70,41.50,57.50,607,12.74,0.00
2026-08-24 02:04:54,40.70,41.70,57.25,618,12.48,0.00
2026-08-24 02:04:59,40.70,41.90,57.00,615,12.50,0.00
2026-08-24 02:05:04,40.70,42.00,58.50,617,12.55,0.00
2026-08-24 02:05:09,40.80,42.10,62.00,618,12.45,0.00
2026-08-24 02:05:14,40.90,42.10,67.50,611,12.43,0.00
2026-08-24 02:05:19,41.00,41.90,73.00,623,12.36,0.00
2026-08-24 02:05:24,41.10,41.90,80.25,621,12.36,0.00
2026-08-24 02:05:29,41.30,41.90,88.75,622,12.31,0.00
2026-08-24 02:05:34,41.50,41.80,97.25,624,12.34,0.00
2026-08-24 02:05:39,41.70,41.70,107.00,624,12.34,0.00
2026-08-24 02:05:44,42.00,41.50,116.25,624,12.34,0.00
2026-08-24 02:05:49,42.20,41.20,125.25,624,12.34,0.00
2026-08-24 02:05:54,42.50,41.00,135.25,625,12.29,0.00
2026-08-24 02:05:59,42.70,40.90,145.25,627,12.27,0.00
2026-08-24 02:06:04,43.00,40.70,155.75,627,12.29,0.00
2026-08-24 02:06:09,43.20,40.30,165.75,629,12.29,0.00
2026-08-24 02:06:14,43.50,40.10,175.75,630,12.38,0.00
2026-08-24 02:06:19,43.80,39.80,185.75,630,12.13,0.00
2026-08-24 02:06:24,44.20,39.20,195.75,631,12.20,0.00
2026-08-24 02:06:29,44.50,38.90,205.75,636,12.20,0.00
2026-08-24 02:06:34,44.80,38.40,214.25,640,12.11,0.00
2026-08-24 02:06:39,45.10,37.80,223.75,636,12.04,0.00
2026-08-24 02:06:44,45.50,37.30,232.50,638,12.04,0.00
2026-08-24 02:06:49,45.90,36.80,241.25,637,12.02,0.00
2026-08-24 02:06:54,46.20,36.20,250.00,637,12.00,0.00
2026-08-24 02:06:59,46.60,35.80,258.25,597,12.00,0.00
2026-08-24 02:07:04,47.00,35.40,266.50,641,11.95,0.00
2026-08-24 02:07:09,47.40,34.80,274.00,643,11.97,0.00
2026-08-24 02:07:14,47.80,34.40,281.25,645,11.86,0.00
2026-08-24 02:07:19,48.20,33.80,288.75,643,11.91,0.00
2026-08-24 02:07:24,48.70,33.40,295.50,646,11.86,0.00
2026-08-24 02:07:29,49.00,33.00,302.50,647,11.82,0.00
2026-08-24 02:07:34,49.40,32.50,308.50,647,11.84,0.00
2026-08-24 02:07:39,49.90,32.20,314.25,650,11.75,0.00
2026-08-24 02:07:44,50.40,31.60,320.75,648,11.78,0.00
2026-08-24 02:07:49,50.90,31.20,325.75,653,11.82,0.00
2026-08-24 02:07:54,51.30,31.00,331.50,651,12.45,0.00
2026-08-24 02:07:59,51.80,30.60,336.50,553,11.82,0.00
2026-08-24 02:08:04,52.20,30.40,340.75,654,11.67,0.00
2026-08-24 02:08:09,52.70,30.00,345.75,655,11.69,0.00
2026-08-24 02:08:14,53.10,29.50,350.25,655,11.71,0.00
2026-08-24 02:08:19,53.70,28.50,354.50,654,11.73,0.00
2026-08-24 02:08:24,54.00,28.10,358.00,656,11.63,0.00
2026-08-24 02:08:29,54.70,27.20,362.00,656,11.63,0.00
2026-08-24 02:08:34,55.10,26.50,365.50,656,11.63,0.00
2026-08-24 02:08:39,55.70,25.60,368.75,654,11.63,0.00
2026-08-24 02:08:44,56.10,24.80,372.25,656,11.58,0.00
2026-08-24 02:08:49,56.80,24.00,375.00,657,11.58,0.00
2026-08-24 02:08:54,57.10,23.60,377.75,659,11.61,0.00
2026-08-24 02:08:59,57.60,22.70,381.25,656,11.54,0.00
2026-08-24 02:09:04,58.00,22.10,383.25,659,11.56,0.00
2026-08-24 02:09:09,58.60,21.40,385.75,661,11.58,0.00
2026-08-24 02:09:14,59.10,20.90,388.00,662,11.52,0.00
2026-08-24 02:09:19,59.60,20.30,390.25,662,11.44,0.00
2026-08-24 02:09:24,60.00,19.30,392.25,663,11.48,0.00
2026-08-24 02:09:29,60.60,18.00,394.50,666,11.44,0.00
2026-08-24 02:09:34,61.10,16.80,396.25,665,11.48,0.00
2026-08-24 02:09:39,61.50,15.90,397.75,665,11.44,0.00
2026-08-24 02:09:44,62.10,15.10,399.50,663,11.38,0.00
2026-08-24 02:09:49,62.50,13.90,401.25,664,11.44,0.00
2026-08-24 02:09:54,63.10,13.00,402.75,669,11.42,0.00
2026-08-24 02:09:59,63.40,12.60,404.00,669,11.44,0.00
2026-08-24 02:10:04,63.90,12.00,405.75,667,11.42,0.00
2026-08-24 02:10:09,64.40,11.40,406.25,666,11.40,0.00
2026-08-24 02:10:14,64.90,10.80,408.00,675,11.28,0.00
2026-08-24 02:10:19,65.30,10.90,409.50,663,11.52,0.00
2026-08-24 02:10:24,65.80,10.40,410.25,666,11.50,0.00
2026-08-24 02:10:29,66.20,10.20,411.50,665,12.55,0.00
2026-08-24 02:10:34,66.70,9.80,412.50,672,11.40,0.00
2026-08-24 02:10:39,67.10,9.40,412.75,665,11.52,0.00
2026-08-24 02:10:44,67.70,9.00,414.25,662,11.44,0.00
2026-08-24 02:10:49,68.00,9.10,414.75,665,11.48,0.00
2026-08-24 02:10:54,68.50,8.80,416.00,659,11.58,0.00
2026-08-24 02:10:59,68.90,8.50,416.25,715,11.50,0.00
2026-08-24 02:11:04,69.10,8.60,416.75,656,11.56,0.00
2026-08-24 02:11:09,69.60,8.40,418.00,661,10.50,0.00
2026-08-24 02:11:14,70.00,8.20,418.75,926,10.98,0.00
2026-08-24 02:11:19,70.40,8.40,419.50,661,11.50,0.00
2026-08-24 02:11:24,70.90,8.20,420.00,659,11.52,0.00
2026-08-24 02:11:29,71.20,8.30,420.25,660,11.52,0.00
2026-08-24 02:11:34,71.50,8.20,421.25,661,11.52,0.00
2026-08-24 02:11:39,71.90,8.00,421.75,660,11.52,0.00
2026-08-24 02:11:44,72.20,8.10,421.75,658,11.56,0.00
2026-08-24 02:11:49,72.60,8.00,422.75,660,11.52,0.00
2026-08-24 02:11:54,73.00,8.20,423.00,661,11.56,0.00
2026-08-24 02:11:59,73.30,8.10,423.50,661,11.56,0.00
2026-08-24 02:12:04,73.70,8.00,423.75,660,11.58,0.00
2026-08-24 02:12:09,74.00,8.20,424.25,658,11.54,0.00
2026-08-24 02:12:14,74.30,8.10,424.75,663,11.56,0.00
2026-08-24 02:12:19,74.70,8.00,425.00,657,11.56,0.00
2026-08-24 02:12:24,75.00,8.30,425.25,661,11.58,0.00
2026-08-24 02:12:29,75.50,8.20,425.75,659,11.58,0.00
2026-08-24 02:12:34,76.00,8.20,426.25,660,11.58,0.00
2026-08-24 02:12:39,76.20,8.30,426.25,661,11.56,0.00
2026-08-24 02:12:44,76.50,8.30,426.75,658,11.56,0.00
2026-08-24 02:12:49,76.80,8.30,427.25,662,11.61,0.00
2026-08-24 02:12:54,77.00,8.50,427.25,631,11.56,0.00
2026-08-24 02:12:59,77.30,8.50,427.50,659,11.52,0.00
2026-08-24 02:13:04,77.60,8.40,427.75,659,11.58,0.00
2026-08-24 02:13:09,77.90,8.40,427.25,661,12.27,0.00
2026-08-24 02:13:14,78.10,8.90,427.75,659,11.58,0.00
2026-08-24 02:13:19,78.50,8.80,428.00,660,11.61,0.00
2026-08-24 02:13:24,78.80,8.80,428.75,660,11.50,0.00
2026-08-24 02:13:29,79.00,9.10,429.00,662,11.38,0.00
2026-08-24 02:13:34,79.40,9.10,429.00,660,11.58,0.00
2026-08-24 02:13:39,79.70,9.00,429.00,666,11.56,0.00
2026-08-24 02:13:44,80.00,9.00,429.50,660,11.58,0.00
2026-08-24 02:13:49,80.10,9.30,429.75,662,11.52,0.00
2026-08-24 02:13:54,80.30,9.30,429.25,663,11.63,0.00
2026-08-24 02:13:59,80.50,9.30,429.75,663,11.48,0.00
2026-08-24 02:14:04,80.80,9.20,430.50,663,11.84,0.00
2026-08-24 02:14:09,81.00,9.20,430.75,661,11.50,0.00
2026-08-24 02:14:14,81.20,9.50,430.75,662,11.44,0.00
2026-08-24 02:14:19,81.50,9.50,430.50,666,11.44,0.00
2026-08-24 02:14:24,81.70,9.50,431.00,667,11.50,0.00
2026-08-24 02:14:29,82.00,9.40,431.25,663,11.48,0.00
2026-08-24 02:14:34,82.10,9.70,431.50,670,11.44,0.00
2026-08-24 02:14:39,82.30,9.70,431.75,720,11.50,0.00
2026-08-24 02:14:44,82.60,9.70,431.25,666,11.32,0.00
2026-08-24 02:14:49,82.80,9.70,431.50,668,11.42,0.00
2026-08-24 02:14:54,83.10,9.60,431.25,665,11.48,0.00
2026-08-24 02:14:59,83.10,10.00,431.75,666,11.44,0.00
2026-08-24 02:15:04,83.40,10.00,431.75,665,11.38,0.00
2026-08-24 02:15:09,83.50,10.00,432.00,666,11.44,0.00
2026-08-24 02:15:14,83.80,10.00,432.00,666,11.40,0.00
2026-08-24 02:15:19,84.00,10.00,432.25,669,11.38,0.00
2026-08-24 02:15:24,84.10,10.10,432.00,671,11.40,0.00
2026-08-24 02:15:29,84.50,10.00,432.50,668,11.36,0.00
2026-08-24 02:15:34,84.90,10.00,432.75,666,11.36,0.00
2026-08-24 02:15:39,85.30,10.00,432.50,670,11.95,0.00
2026-08-24 02:15:44,85.00,10.40,432.25,670,11.42,0.00
2026-08-24 02:15:49,85.20,10.40,433.25,671,11.30,0.00
2026-08-24 02:15:54,85.40,10.40,433.25,671,11.30,0.00
2026-08-24 02:15:59,85.60,10.40,432.75,670,11.95,0.00
2026-08-24 02:16:04,85.80,10.40,433.00,706,11.34,0.00
2026-08-24 02:16:09,86.00,10.40,433.25,671,11.28,0.00
2026-08-24 02:16:14,86.00,0.00,433.25,673,11.26,0.00
2026-08-24 02:16:19,86.20,0.00,433.00,672,11.28,0.00
2026-08-24 02:16:24,86.40,0.00,433.50,674,10.36,0.00
2026-08-24 02:16:29,86.60,0.00,432.75,673,11.26,0.00
2026-08-24 02:16:34,86.70,0.00,433.75,674,11.28,0.00
2026-08-24 02:16:39,86.90,0.00,433.00,678,11.42,0.00
2026-08-24 02:16:44,87.10,0.00,433.25,678,11.02,0.00
2026-08-24 02:16:49,87.00,0.00,433.75,678,11.20,0.00
2026-08-24 02:16:54,87.20,0.00,433.50,681,11.24,0.00
2026-08-24 02:16:59,87.40,0.00,433.75,679,11.16,0.00
2026-08-24 02:17:04,87.50,0.00,433.50,685,11.18,0.00
2026-08-24 02:17:09,87.60,0.00,434.00,684,11.16,0.00
2026-08-24 02:17:14,87.80,0.00,434.25,679,11.18,0.00
2026-08-24 02:17:19,87.90,0.00,433.75,682,11.06,0.00
2026-08-24 02:17:24,88.10,0.00,434.50,681,11.06,0.00
2026-08-24 02:17:29,88.10,0.00,434.75,680,11.04,0.00
2026-08-24 02:17:34,88.30,0.00,435.00,685,11.04,0.00
2026-08-24 02:17:39,88.60,0.00,434.75,687,11.02,0.00
2026-08-24 02:17:44,88.90,0.00,435.00,685,10.98,0.00
2026-08-24 02:17:49,89.10,0.00,434.75,686,11.00,0.00
2026-08-24 02:17:54,89.40,0.00,435.75,687,14.66,0.00
2026-08-24 02:17:59,89.00,0.00,435.50,687,10.93,0.00
2026-08-24 02:18:04,89.10,0.00,435.25,688,10.98,0.00
2026-08-24 02:18:09,89.20,0.00,435.25,688,10.98,0.00
2026-08-24 02:18:14,89.40,0.00,435.75,688,11.00,0.00
2026-08-24 02:18:19,89.50,0.00,436.25,688,10.98,0.00
2026-08-24 02:18:24,89.60,0.00,435.75,688,10.98,0.00
2026-08-24 02:18:29,89.70,0.00,435.50,688,10.98,0.00
2026-08-24 02:18:34,89.80,0.00,436.00,690,10.98,0.00
2026-08-24 02:18:39,89.90,0.00,436.50,693,10.96,0.00
2026-08-24 02:18:44,90.00,0.00,436.75,689,10.91,0.00
2026-08-24 02:18:49,90.10,0.00,436.25,693,10.89,0.00
2026-08-24 02:18:54,90.20,0.00,436.50,690,10.91,0.00
2026-08-24 02:18:59,90.40,0.00,436.75,691,10.85,0.00
2026-08-24 02:19:04,90.50,0.00,436.50,693,10.93,0.00
2026-08-24 02:19:09,90.80,0.00,436.75,693,10.89,0.00
2026-08-24 02:19:14,91.00,0.00,436.50,695,10.87,0.00
2026-08-24 02:19:19,91.20,0.00,436.25,693,10.81,0.00
2026-08-24 02:19:24,91.40,0.00,436.25,697,10.79,0.00
2026-08-24 02:19:29,91.00,0.00,436.50,688,10.79,0.00
2026-08-24 02:19:34,91.10,0.00,436.50,699,10.72,0.00
2026-08-24 02:19:39,91.10,0.00,436.25,701,10.72,0.00
2026-08-24 02:19:44,91.20,0.00,436.25,702,10.98,0.00
2026-08-24 02:19:49,91.30,0.00,436.25,704,10.68,0.00
2026-08-24 02:19:54,91.40,0.00,436.25,704,10.72,0.00
2026-08-24 02:19:59,91.50,0.00,436.75,705,10.68,0.00
2026-08-24 02:20:04,91.60,0.00,436.50,705,10.66,0.00
2026-08-24 02:20:09,91.70,0.00,436.00,705,10.65,0.00
2026-08-24 02:20:14,91.80,0.00,436.50,706,10.63,0.00
2026-08-24 02:20:19,91.90,0.00,436.50,708,10.63,0.00
2026-08-24 02:20:24,92.00,0.00,436.50,537,10.63,0.00
2026-08-24 02:20:29,92.00,0.00,436.75,709,10.57,0.00
2026-08-24 02:20:34,92.10,0.00,436.75,709,10.63,0.00
2026-08-24 02:20:39,92.10,0.00,436.75,709,10.47,0.00
2026-08-24 02:20:44,92.40,0.00,435.75,714,10.48,0.00
2026-08-24 02:20:49,92.60,0.00,435.75,662,10.47,0.00
2026-08-24 02:20:54,92.80,0.00,436.25,716,10.57,0.00
2026-08-24 02:20:59,92.90,0.00,436.00,715,10.48,0.00
2026-08-24 02:21:04,93.00,0.00,437.00,717,10.43,0.00
2026-08-24 02:21:09,93.30,0.00,436.50,718,10.40,0.00
2026-08-24 02:21:14,93.40,0.00,436.25,719,10.41,0.00
2026-08-24 02:21:19,93.00,0.00,436.00,720,10.43,0.00
2026-08-24 02:21:24,93.10,0.00,436.00,671,10.40,0.00
2026-08-24 02:21:29,93.30,0.00,436.75,720,10.40,0.00
2026-08-24 02:21:34,93.50,0.00,437.25,720,10.38,0.00
2026-08-24 02:21:39,93.60,0.00,437.25,721,10.38,0.00
2026-08-24 02:21:44,93.70,0.00,437.25,721,10.36,0.00
2026-08-24 02:21:49,93.90,0.00,437.25,710,10.54,0.00
2026-08-24 02:21:54,93.70,0.00,435.75,701,10.79,0.00
2026-08-24 02:21:59,93.40,0.00,434.50,685,11.04,0.00
2026-08-24 02:22:04,92.10,0.00,431.75,673,11.65,0.00
2026-08-24 02:22:09,91.20,0.00,429.75,663,11.42,0.00
2026-08-24 02:22:14,90.10,0.00,427.75,659,11.52,0.00
2026-08-24 02:22:19,89.20,0.00,425.25,656,11.65,0.00
2026-08-24 02:22:24,88.00,0.00,422.75,651,11.75,0.00
2026-08-24 02:22:29,87.10,0.00,420.75,649,11.88,0.00
2026-08-24 02:22:34,86.10,0.00,419.00,639,12.02,0.00
2026-08-24 02:22:39,85.20,10.10,417.00,607,12.41,0.00
2026-08-24 02:22:44,84.10,9.60,415.75,610,12.70,0.00
2026-08-24 02:22:49,83.10,9.60,414.75,622,12.94,0.00
2026-08-24 02:22:54,82.20,9.20,413.75,598,13.00,0.00
2026-08-24 02:22:59,81.50,8.90,412.50,594,13.12,0.00
2026-08-24 02:23:04,80.60,8.60,411.50,592,13.12,0.00
2026-08-24 02:23:09,79.90,8.20,410.50,590,13.18,0.00
2026-08-24 02:23:14,78.90,7.90,409.50,589,13.15,0.00
2026-08-24 02:23:19,77.90,7.40,408.25,582,13.47,0.00
2026-08-24 02:23:24,77.30,7.50,406.50,578,13.52,0.00
2026-08-24 02:23:29,76.60,7.20,406.50,595,13.05,0.00
2026-08-24 02:23:34,75.90,6.90,405.75,576,13.25,0.00
2026-08-24 02:23:39,75.00,6.50,404.50,577,13.60,0.00
2026-08-24 02:23:44,74.20,6.50,403.75,576,13.55,0.00
2026-08-24 02:23:49,73.60,6.20,403.25,567,13.74,0.00
2026-08-24 02:23:54,73.00,6.20,402.75,564,13.86,0.00
2026-08-24 02:23:59,72.30,5.80,401.50,562,14.00,0.00
2026-08-24 02:24:04,71.60,5.50,401.50,549,14.00,0.00
2026-08-24 02:24:09,71.10,5.60,400.50,560,14.00,0.00
2026-08-24 02:24:14,70.40,5.30,400.00,558,14.06,0.00
2026-08-24 02:24:19,69.80,4.80,399.50,559,14.12,0.00
2026-08-24 02:24:24,69.20,4.80,399.75,553,14.27,0.00
2026-08-24 02:24:29,68.70,4.50,399.00,550,14.33,0.00
2026-08-24 02:24:34,68.20,4.60,399.00,550,14.30,0.00
2026-08-24 02:24:39,67.70,4.10,398.50,548,14.33,0.00
2026-08-24 02:24:44,67.10,4.10,398.25,542,14.45,0.00
2026-08-24 02:24:49,66.60,3.80,397.75,545,14.45,0.00
2026-08-24 02:24:54,66.20,3.90,397.25,534,14.48,0.00
2026-08-24 02:24:59,65.80,3.60,397.50,541,14.57,0.00
2026-08-24 02:25:04,65.30,3.60,397.50,539,14.54,0.00
2026-08-24 02:25:09,64.80,3.20,397.25,537,14.60,0.00
2026-08-24 02:25:14,64.40,3.20,396.25,535,14.76,0.00
2026-08-24 02:25:19,63.90,3.00,396.00,534,14.82,0.00
2026-08-24 02:25:24,63.60,3.00,396.00,537,14.89,0.00
2026-08-24 02:25:29,63.20,3.10,396.25,531,14.95,0.00
2026-08-24 02:25:34,63.00,2.60,395.75,533,14.76,0.00
2026-08-24 02:25:39,62.50,2.70,395.50,532,14.82,0.00
2026-08-24 02:25:44,62.10,2.80,395.50,530,14.89,0.00
2026-08-24 02:25:49,61.80,2.50,395.25,529,14.95,0.00
2026-08-24 02:25:54,61.40,2.60,394.75,529,14.57,0.00
2026-08-24 02:25:59,61.10,2.70,394.50,538,14.48,0.00
2026-08-24 02:26:04,61.00,2.50,394.50,534,14.82,0.00
2026-08-24 02:26:09,60.60,2.50,395.00,533,14.69,0.00
2026-08-24 02:26:14,60.30,2.60,394.00,534,14.85,0.00
2026-08-24 02:26:19,60.00,2.70,393.25,531,14.89,0.00
2026-08-24 02:26:24,59.90,2.30,393.50,529,15.05,0.00
2026-08-24 02:26:29,59.60,2.40,393.50,530,14.92,0.00
2026-08-24 02:26:34,59.40,2.50,393.50,511,14.92,0.00
2026-08-24 02:26:39,59.10,2.70,394.00,530,14.98,0.00
2026-08-24 02:26:44,59.10,2.50,394.50,529,14.98,0.00
2026-08-24 02:26:49,58.90,2.60,394.25,528,14.98,0.00
2026-08-24 02:26:54,58.60,2.70,393.25,528,14.98,0.00
2026-08-24 02:26:59,58.40,2.80,394.00,528,14.98,0.00
2026-08-24 02:27:04,58.10,3.10,394.25,528,14.98,0.00
2026-08-24 02:27:09,58.00,2.70,394.25,528,15.05,0.00
2026-08-24 02:27:14,57.80,3.00,394.00,592,14.98,0.00
2026-08-24 02:27:19,57.60,3.20,393.50,527,15.02,0.00
2026-08-24 02:27:24,57.40,3.40,393.75,528,14.98,0.00
2026-08-24 02:27:29,57.20,3.60,393.75,528,14.98,0.00
2026-08-24 02:27:34,57.00,3.90,393.00,528,17.27,0.00
2026-08-24 02:27:39,57.00,3.70,392.75,528,14.98,0.00
2026-08-24 02:27:44,56.80,4.00,393.00,528,14.98,0.00
2026-08-24 02:27:49,56.60,4.00,392.75,528,15.02,0.00
2026-08-24 02:27:54,56.40,4.30,392.50,528,14.98,0.00
2026-08-24 02:27:59,56.20,4.50,392.25,528,14.98,0.00
2026-08-24 02:28:04,56.10,4.50,392.50,528,14.98,0.00
2026-08-24 02:28:09,56.00,4.50,392.00,511,15.56,0.00
2026-08-24 02:28:14,56.00,4.20,392.00,511,15.56,0.00
2026-08-24 02:28:19,56.00,4.50,392.50,511,14.95,0.00
2026-08-24 02:28:24,56.00,5.30,393.75,528,15.05,0.00
2026-08-24 02:28:29,56.30,6.00,394.50,530,14.89,0.00
2026-08-24 02:28:34,56.70,6.60,395.75,533,14.73,0.00
2026-08-24 02:28:39,57.00,6.90,397.25,537,14.76,0.00
2026-08-24 02:28:44,57.40,6.90,398.00,542,14.60,0.00
2026-08-24 02:28:49,58.00,6.80,400.25,544,13.89,0.00
2026-08-24 02:28:54,58.50,7.30,402.00,547,14.30,0.00
2026-08-24 02:28:59,59.00,7.60,402.50,543,14.21,0.00
2026-08-24 02:29:04,59.80,7.50,403.75,557,14.06,0.00
2026-08-24 02:29:09,60.30,7.90,405.50,560,14.00,0.00
2026-08-24 02:29:14,61.00,7.80,407.00,560,13.97,0.00
2026-08-24 02:29:19,61.60,7.80,408.50,564,13.91,0.00
2026-08-24 02:29:24,62.30,7.60,410.00,570,13.66,0.00
2026-08-24 02:29:29,63.10,7.40,410.75,575,13.55,0.00
2026-08-24 02:29:34,63.60,7.40,412.00,579,13.52,0.00
2026-08-24 02:29:39,64.10,7.50,413.00,588,13.31,0.00
2026-08-24 02:29:44,64.80,7.10,414.00,592,13.10,0.00
2026-08-24 02:29:49,65.50,7.20,414.50,595,13.02,0.00
2026-08-24 02:29:54,66.20,7.20,416.25,599,12.94,0.00
2026-08-24 02:29:59,66.80,7.00,416.50,607,12.74,0.00
2026-08-24 02:30:04,67.60,7.00,417.50,635,12.62,0.00
2026-08-24 02:30:09,68.10,7.40,418.25,615,12.57,0.00
2026-08-24 02:30:14,68.70,7.30,419.25,621,12.41,0.00
2026-08-24 02:30:19,69.20,7.30,419.50,624,12.31,0.00
2026-08-24 02:30:24,69.90,7.10,420.50,630,12.22,0.00
2026-08-24 02:30:29,70.50,7.40,421.25,633,12.11,0.00
2026-08-24 02:30:34,71.10,7.50,421.75,639,12.00,0.00
2026-08-24 02:30:39,71.50,7.40,422.00,738,11.93,0.00
2026-08-24 02:30:44,72.10,7.50,423.00,647,11.84,0.00
2026-08-24 02:30:49,72.70,7.40,423.25,649,11.73,0.00
2026-08-24 02:30:54,73.30,7.70,423.50,656,11.63,0.00
2026-08-24 02:30:59,73.80,7.60,424.75,659,11.61,0.00
2026-08-24 02:31:04,74.20,7.80,425.00,659,11.52,0.00
2026-08-24 02:31:09,74.80,7.70,425.75,666,11.42,0.00
2026-08-24 02:31:14,75.40,8.00,426.25,667,11.44,0.00
2026-08-24 02:31:19,76.00,8.20,426.25,671,11.34,0.00
2026-08-24 02:31:24,76.60,8.20,426.75,670,11.24,0.00
2026-08-24 02:31:29,77.00,8.40,427.75,673,11.28,0.00
2026-08-24 02:31:34,77.40,8.40,427.75,677,11.36,0.00
2026-08-24 02:31:39,77.80,8.30,428.00,675,11.24,0.00
2026-08-24 02:31:44,78.30,8.80,429.00,678,11.16,0.00
2026-08-24 02:31:49,79.00,8.70,428.75,681,11.16,0.00
2026-08-24 02:31:54,79.40,9.00,429.25,682,11.08,0.00
2026-08-24 02:31:59,80.00,8.90,429.75,682,11.08,0.00
2026-08-24 02:32:04,80.20,9.30,430.00,684,11.08,0.00
2026-08-24 02:32:09,80.50,9.30,430.25,687,10.98,0.00
2026-08-24 02:32:14,81.00,9.20,430.25,687,11.00,0.00
2026-08-24 02:32:19,81.40,9.50,430.75,688,11.10,0.00
2026-08-24 02:32:24,81.90,9.50,431.50,688,10.98,0.00
2026-08-24 02:32:29,82.20,9.70,431.00,688,11.00,0.00
2026-08-24 02:32:34,82.60,9.70,431.25,688,10.98,0.00
2026-08-24 02:32:39,83.10,9.70,432.25,688,10.98,0.00
2026-08-24 02:32:44,83.30,10.00,432.25,688,10.85,0.00
2026-08-24 02:32:49,83.80,10.00,432.50,696,10.96,0.00
2026-08-24 02:32:54,84.00,10.10,432.75,688,10.98,0.00
2026-08-24 02:32:59,84.80,10.10,433.25,689,10.02,0.00
2026-08-24 02:33:04,85.50,10.10,433.25,692,10.98,0.00
2026-08-24 02:33:09,85.30,10.50,433.25,643,10.94,0.00
2026-08-24 02:33:14,85.70,10.40,433.75,688,10.93,0.00
2026-08-24 02:33:19,86.00,10.40,433.75,691,10.94,0.00
2026-08-24 02:33:24,86.30,0.00,434.00,691,10.91,0.00
2026-08-24 02:33:29,86.60,0.00,434.50,693,10.87,0.00
2026-08-24 02:33:34,86.90,0.00,434.00,673,10.87,0.00
2026-08-24 02:33:39,87.00,0.00,434.75,693,10.85,0.00
2026-08-24 02:33:44,87.30,0.00,434.75,694,10.89,0.00
2026-08-24 02:33:49,87.60,0.00,434.50,696,10.85,0.00
2026-08-24 02:33:54,87.90,0.00,435.00,695,10.85,0.00
2026-08-24 02:33:59,88.10,0.00,435.50,697,10.81,0.00
2026-08-24 02:34:04,88.40,0.00,435.50,699,10.79,0.00
2026-08-24 02:34:09,88.90,0.00,435.00,698,10.78,0.00
2026-08-24 02:34:14,89.40,0.00,435.25,699,10.78,0.00
2026-08-24 02:34:19,89.10,0.00,436.25,698,10.72,0.00
2026-08-24 02:34:24,89.40,0.00,436.00,701,10.68,0.00
2026-08-24 02:34:29,89.60,0.00,435.75,698,10.70,0.00
2026-08-24 02:34:34,89.80,0.00,436.25,703,10.68,0.00
2026-08-24 02:34:39,90.10,0.00,436.25,705,10.70,0.00
2026-08-24 02:34:44,90.20,0.00,436.50,703,10.65,0.00
2026-08-24 02:34:49,90.70,0.00,436.75,707,10.66,0.00
2026-08-24 02:34:54,91.10,0.00,436.75,705,10.63,0.00
2026-08-24 02:34:59,91.40,0.00,437.00,708,10.48,0.00
2026-08-24 02:35:04,91.10,0.00,436.75,709,10.27,0.00
2026-08-24 02:35:09,91.30,0.00,437.50,714,10.59,0.00
2026-08-24 02:35:14,91.50,0.00,437.00,710,10.52,0.00
2026-08-24 02:35:19,91.70,0.00,437.75,711,10.56,0.00
2026-08-24 02:35:24,91.80,0.00,437.25,714,10.54,0.00
2026-08-24 02:35:29,92.00,0.00,437.75,717,12.04,0.00
2026-08-24 02:35:34,92.10,0.00,437.75,712,10.50,0.00
2026-08-24 02:35:39,92.40,0.00,437.50,716,10.57,0.00
2026-08-24 02:35:44,92.70,0.00,437.75,714,10.48,0.00
2026-08-24 02:35:49,93.00,0.00,437.75,717,10.48,0.00
2026-08-24 02:35:54,93.20,0.00,438.25,715,10.48,0.00
2026-08-24 02:35:59,93.50,0.00,438.25,702,10.43,0.00
2026-08-24 02:36:04,93.20,0.00,438.25,718,10.40,0.00
2026-08-24 02:36:09,93.50,0.00,438.50,719,10.40,0.00
2026-08-24 02:36:14,93.70,0.00,438.00,720,10.41,0.00
2026-08-24 02:36:19,94.00,0.00,438.25,723,10.36,0.00
2026-08-24 02:36:24,94.30,0.00,438.50,720,10.40,0.00
2026-08-24 02:36:29,94.50,0.00,438.25,722,10.36,0.00
2026-08-24 02:36:34,94.10,0.00,438.00,721,10.36,0.00
2026-08-24 02:36:39,94.40,0.00,438.50,723,10.40,0.00
2026-08-24 02:36:44,94.60,0.00,438.50,723,10.34,0.00
2026-08-24 02:36:49,94.80,0.00,438.50,722,10.29,0.00
2026-08-24 02:36:54,95.00,0.00,438.50,724,10.34,0.00
2026-08-24 02:36:59,95.20,0.00,439.25,727,10.29,0.00
2026-08-24 02:37:04,95.50,0.00,439.25,727,10.29,0.00
2026-08-24 02:37:09,95.10,0.00,439.25,730,10.14,0.00
2026-08-24 02:37:14,95.20,0.00,438.75,729,10.21,0.00
2026-08-24 02:37:19,95.40,0.00,439.25,732,10.24,0.00
2026-08-24 02:37:24,95.60,0.00,439.25,731,10.21,0.00
2026-08-24 02:37:29,95.80,0.00,439.50,736,10.14,0.00
2026-08-24 02:37:34,96.10,0.00,439.75,736,10.14,0.00
2026-08-24 02:37:39,96.20,0.00,439.50,736,10.14,0.00
2026-08-24 02:37:44,96.40,0.00,440.00,738,10.21,0.00
2026-08-24 02:37:49,96.00,0.00,440.00,742,9.38,0.00
2026-08-24 02:37:54,96.20,0.00,439.75,738,10.04,0.00
2026-08-24 02:37:59,96.40,0.00,439.50,741,10.04,0.00
2026-08-24 02:38:04,96.60,0.00,440.00,742,10.01,0.00
2026-08-24 02:38:09,96.80,0.00,440.00,745,9.89,0.00
2026-08-24 02:38:14,96.90,0.00,439.50,754,9.97,0.00
2026-08-24 02:38:19,97.10,0.00,439.50,702,9.97,0.00
2026-08-24 02:38:24,97.20,0.00,440.25,747,9.94,0.00
2026-08-24 02:38:29,97.40,0.00,440.00,739,9.94,0.00
2026-08-24 02:38:34,97.00,0.00,440.25,743,9.94,0.00
2026-08-24 02:38:39,97.10,0.00,440.75,750,9.89,0.00
2026-08-24 02:38:44,97.20,0.00,440.25,751,9.86,0.00
2026-08-24 02:38:49,97.40,0.00,440.75,751,9.88,0.00
2026-08-24 02:38:54,97.50,0.00,440.75,752,9.88,0.00
2026-08-24 02:38:59,97.60,0.00,440.75,752,9.86,0.00
2026-08-24 02:39:04,97.80,0.00,441.25,755,9.86,0.00
2026-08-24 02:39:09,97.90,0.00,441.25,752,9.86,0.00
2026-08-24 02:39:14,98.00,0.00,441.25,752,9.86,0.00
2026-08-24 02:39:19,98.20,0.00,440.25,753,9.81,0.00
2026-08-24 02:39:24,98.30,0.00,440.75,753,9.86,0.00
2026-08-24 02:39:29,98.40,0.00,441.25,754,9.81,0.00
2026-08-24 02:39:34,98.00,0.00,441.50,755,9.78,0.00
2026-08-24 02:39:39,98.10,0.00,441.00,755,9.78,0.00
2026-08-24 02:39:44,98.20,0.00,441.50,758,9.78,0.00
2026-08-24 02:39:49,98.40,0.00,441.75,760,9.78,0.00
2026-08-24 02:39:54,98.50,0.00,441.75,759,9.75,0.00
2026-08-24 02:39:59,98.60,0.00,441.50,761,9.75,0.00
2026-08-24 02:40:04,98.70,0.00,441.75,765,9.73,0.00
2026-08-24 02:40:09,98.80,0.00,442.00,762,9.69,0.00
2026-08-24 02:40:14,99.00,0.00,441.75,766,9.65,0.00
2026-08-24 02:40:19,99.10,0.00,441.25,763,9.65,0.00
2026-08-24 02:40:24,99.20,0.00,441.25,763,9.64,0.00
2026-08-24 02:40:29,99.30,0.00,441.75,771,9.62,0.00
2026-08-24 02:40:34,99.40,0.00,442.00,766,9.62,0.00
2026-08-24 02:40:39,99.00,0.00,442.25,762,9.65,0.00
2026-08-24 02:40:44,99.10,0.00,441.50,768,9.58,0.00
2026-08-24 02:40:49,99.20,0.00,441.50,768,9.59,0.00
2026-08-24 02:40:54,99.20,0.00,442.25,770,9.58,0.00
2026-08-24 02:40:59,99.40,0.00,442.25,771,9.58,0.00
2026-08-24 02:41:04,99.40,0.00,442.00,778,9.56,0.00
2026-08-24 02:41:09,99.60,0.00,442.25,771,9.53,0.00
2026-08-24 02:41:14,99.70,0.00,442.50,771,9.53,0.00
2026-08-24 02:41:19,99.80,0.00,442.50,773,9.53,0.00
2026-08-24 02:41:24,99.80,0.00,442.50,784,9.52,0.00
2026-08-24 02:41:29,100.00,0.00,442.75,775,9.55,0.00
2026-08-24 02:41:34,100.10,0.00,442.75,828,9.50,0.00
2026-08-24 02:41:39,100.20,0.00,442.50,774,9.50,0.00
2026-08-24 02:41:44,100.30,0.00,443.00,777,9.44,0.00
2026-08-24 02:41:49,100.40,0.00,442.50,779,9.44,0.00
2026-08-24 02:41:54,100.50,0.00,442.25,773,10.09,0.00
2026-08-24 02:41:59,100.00,0.00,442.50,780,9.44,0.00
2026-08-24 02:42:04,100.00,0.00,442.75,783,9.41,0.00
2026-08-24 02:42:09,100.00,0.00,442.75,779,9.40,0.00
2026-08-24 02:42:14,100.00,0.00,442.50,781,9.41,0.00
2026-08-24 02:42:19,100.00,0.00,442.75,781,9.44,0.00
2026-08-24 02:42:24,100.00,0.00,442.50,781,9.41,0.00
2026-08-24 02:42:29,100.00,0.00,442.50,782,9.41,0.00
2026-08-24 02:42:34,100.00,0.00,443.25,784,9.40,0.00
2026-08-24 02:42:39,100.00,0.00,442.00,786,9.38,0.00
2026-08-24 02:42:44,100.00,0.00,442.25,834,9.58,0.00
2026-08-24 02:42:49,100.00,0.00,442.25,782,9.38,0.00
2026-08-24 02:42:54,100.00,0.00,442.50,784,9.37,0.00
2026-08-24 02:42:59,100.00,0.00,442.50,779,9.37,0.00
2026-08-24 02:43:04,100.00,0.00,442.75,784,9.37,0.00
2026-08-24 02:43:09,100.00,0.00,442.50,784,10.40,0.00
2026-08-24 02:43:14,100.00,0.00,442.25,784,8.88,0.00
2026-08-24 02:43:19,100.00,0.00,442.25,783,9.37,0.00
2026-08-24 02:43:24,100.00,0.00,442.50,784,9.37,0.00
2026-08-24 02:43:29,100.00,0.00,442.50,779,9.70,0.00
2026-08-24 02:43:34,100.00,0.00,442.50,784,9.35,0.00
2026-08-24 02:43:39,100.00,0.00,442.50,784,9.41,0.00
2026-08-24 02:43:44,100.00,0.00,442.00,784,9.38,0.00
2026-08-24 02:43:49,100.00,0.00,442.50,784,9.38,0.00
2026-08-24 02:43:54,100.00,0.00,442.50,784,9.37,0.00
2026-08-24 02:43:59,100.00,0.00,442.25,921,9.37,0.00
2026-08-24 02:44:04,100.00,0.00,442.50,785,9.34,0.00
2026-08-24 02:44:09,100.00,0.00,442.25,796,9.37,0.00
2026-08-24 02:44:14,100.00,0.00,442.25,786,9.32,0.00
2026-08-24 02:44:19,100.00,0.00,441.75,788,9.35,0.00
2026-08-24 02:44:24,100.00,0.00,441.75,784,9.28,0.00
2026-08-24 02:44:29,100.00,0.00,442.00,786,9.37,0.00
2026-08-24 02:44:34,100.00,0.00,442.25,786,9.32,0.00
2026-08-24 02:44:39,100.00,0.00,442.00,791,9.32,0.00
2026-08-24 02:44:44,100.00,0.00,442.00,789,9.29,0.00
2026-08-24 02:44:49,100.00,0.00,442.25,789,9.26,0.00
2026-08-24 02:44:54,100.00,0.00,442.50,792,9.26,0.00
2026-08-24 02:44:59,100.00,0.00,441.75,791,9.26,0.00
2026-08-24 02:45:04,100.00,0.00,441.75,791,9.26,0.00
2026-08-24 02:45:09,100.00,0.00,441.75,797,9.37,0.00
2026-08-24 02:45:14,100.00,0.00,442.50,752,9.26,0.00
2026-08-24 02:45:19,100.00,0.00,442.25,814,9.23,0.00
2026-08-24 02:45:24,100.00,0.00,441.50,796,9.26,0.00
2026-08-24 02:45:29,100.00,0.00,442.00,795,9.21,0.00
2026-08-24 02:45:34,100.00,0.00,442.00,791,9.23,0.00
2026-08-24 02:45:39,100.00,0.00,442.25,793,9.23,0.00
2026-08-24 02:45:44,100.00,0.00,442.00,793,9.23,0.00
2026-08-24 02:45:49,100.00,0.00,442.00,794,9.22,0.00
2026-08-24 02:45:54,100.00,0.00,442.00,795,9.18,0.00
2026-08-24 02:45:59,100.00,0.00,441.75,797,9.18,0.00
2026-08-24 02:46:04,100.00,0.00,442.00,811,9.22,0.00
2026-08-24 02:46:09,100.00,0.00,442.75,793,9.23,0.00
2026-08-24 02:46:14,100.00,0.00,442.50,796,9.26,0.00
2026-08-24 02:46:19,100.00,0.00,441.75,796,9.21,0.00
2026-08-24 02:46:24,100.00,0.00,441.50,795,9.22,0.00
2026-08-24 02:46:29,100.00,0.00,442.00,794,9.22,0.00
2026-08-24 02:46:34,100.00,0.00,442.25,794,9.22,0.00
2026-08-24 02:46:39,100.00,0.00,442.50,798,9.18,0.00
2026-08-24 02:46:44,100.00,0.00,442.50,795,9.21,0.00
2026-08-24 02:46:49,100.00,0.00,442.00,795,9.21,0.00
2026-08-24 02:46:54,100.00,0.00,441.75,794,9.16,0.00
2026-08-24 02:46:59,100.00,0.00,442.00,797,9.15,0.00
2026-08-24 02:47:04,100.00,0.00,442.75,797,9.22,0.00
2026-08-24 02:47:09,100.00,0.00,442.75,797,9.21,0.00
2026-08-24 02:47:14,100.00,0.00,442.75,797,9.13,0.00
2026-08-24 02:47:19,100.00,0.00,442.75,802,9.21,0.00
2026-08-24 02:47:24,100.00,0.00,442.50,799,9.15,0.00
2026-08-24 02:47:29,100.00,0.00,442.50,689,9.18,0.00
2026-08-24 02:47:34,100.00,0.00,443.50,799,9.15,0.00
2026-08-24 02:47:39,100.00,0.00,443.00,799,9.16,0.00
2026-08-24 02:47:44,100.00,0.00,442.75,797,9.15,0.00
2026-08-24 02:47:49,100.00,0.00,443.25,799,9.16,0.00
2026-08-24 02:47:54,100.00,0.00,443.50,799,9.15,0.00
2026-08-24 02:47:59,100.00,0.00,443.00,811,9.16,0.00
2026-08-24 02:48:04,100.00,0.00,443.00,805,9.15,0.00
2026-08-24 02:48:09,100.00,0.00,443.25,799,9.18,0.00
2026-08-24 02:48:14,100.00,0.00,443.25,798,9.15,0.00
2026-08-24 02:48:19,100.00,0.00,443.50,799,9.94,0.00
2026-08-24 02:48:24,100.00,0.00,443.00,798,9.18,0.00
2026-08-24 02:48:29,100.00,0.00,443.25,799,9.12,0.00
2026-08-24 02:48:34,100.00,0.00,443.25,834,9.15,0.00
2026-08-24 02:48:39,100.00,0.00,443.50,797,9.13,0.00
2026-08-24 02:48:44,100.00,0.00,443.00,797,9.13,0.00
2026-08-24 02:48:49,100.00,0.00,442.75,797,9.13,0.00
2026-08-24 02:48:54,100.00,0.00,443.00,795,8.28,0.00
2026-08-24 02:48:59,100.00,0.00,443.50,799,9.12,0.00
2026-08-24 02:49:04,100.00,0.00,443.50,799,9.12,0.00
2026-08-24 02:49:09,100.00,0.00,442.25,800,8.99,0.00
2026-08-24 02:49:14,100.00,0.00,442.50,797,9.18,0.00
2026-08-24 02:49:19,100.00,0.00,443.25,802,9.15,0.00
2026-08-24 02:49:24,100.00,0.00,442.75,801,9.15,0.00
2026-08-24 02:49:29,100.00,0.00,443.00,800,9.13,0.00
2026-08-24 02:49:34,100.00,0.00,443.25,800,7.24,0.00
2026-08-24 02:49:39,100.00,0.00,443.50,800,9.15,0.00
2026-08-24 02:49:44,100.00,0.00,443.75,818,9.16,0.00
2026-08-24 02:49:49,100.00,0.00,444.00,801,9.11,0.00
2026-08-24 02:49:54,100.00,0.00,443.50,801,9.12,0.00
2026-08-24 02:49:59,100.00,0.00,443.50,798,9.11,0.00
2026-08-24 02:50:04,100.00,0.00,443.25,802,9.13,0.00
2026-08-24 02:50:09,100.00,0.00,443.50,810,9.12,0.00
2026-08-24 02:50:14,100.00,0.00,444.00,802,9.22,0.00
2026-08-24 02:50:19,100.00,0.00,443.50,801,9.09,0.00
2026-08-24 02:50:24,100.00,0.00,443.75,858,8.40,0.00
2026-08-24 02:50:29,100.00,0.00,443.00,784,9.37,0.00
2026-08-24 02:50:34,100.00,0.00,441.25,769,9.53,0.00
2026-08-24 02:50:39,100.00,0.00,438.75,763,9.65,0.00
2026-08-24 02:50:44,100.00,0.00,437.00,753,9.86,0.00
2026-08-24 02:50:49,100.00,0.00,434.50,742,10.04,0.00
2026-08-24 02:50:54,99.20,0.00,432.50,735,10.17,0.00
2026-08-24 02:50:59,98.00,0.00,430.75,720,10.40,0.00
2026-08-24 02:51:04,97.00,0.00,428.75,711,10.52,0.00
2026-08-24 02:51:09,96.30,0.00,426.75,703,10.72,0.00
2026-08-24 02:51:14,94.70,0.00,425.25,696,10.81,0.00
2026-08-24 02:51:19,93.00,0.00,423.75,690,10.96,0.00
2026-08-24 02:51:24,91.70,0.00,422.50,685,11.04,0.00
2026-08-24 02:51:29,90.90,0.00,420.00,560,11.18,0.00
2026-08-24 02:51:34,89.80,0.00,418.25,670,10.87,0.00
2026-08-24 02:51:39,89.20,0.00,416.25,656,11.50,0.00
2026-08-24 02:51:44,87.70,0.00,415.50,690,11.63,0.00
2026-08-24 02:51:49,86.80,0.00,413.75,654,11.30,0.00
2026-08-24 02:51:54,85.70,10.10,412.75,647,11.82,0.00
2026-08-24 02:51:59,84.70,9.90,411.50,640,11.97,0.00
2026-08-24 02:52:04,83.60,9.60,410.50,635,12.08,0.00
2026-08-24 02:52:09,82.70,9.20,409.75,631,12.34,0.00
2026-08-24 02:52:14,81.80,8.90,405.75,629,12.31,0.00

