0.5
1.0
0.6
0.9
1.5
197.1
197.5
197.6
68.6
2.6
2.1
1.7
0.5
0.0
0.0
0.0
0.0
0.0
0.0
0.0
0.0
245.5
669.7
669.9
670.1
669.6
669.5
669.8
669.5
669.0
668.1
668.3
667.7
667.4
667.2
666.9
666.8
666.5
666.3
665.6
664.9
665.0
665.0
665.3
665.0
665.2
664.9
664.9
665.2
665.4
665.0
665.8
666.4
666.8
666.4
666.8
665.9
666.8
666.9
666.5
667.1
666.8
666.6
666.3
667.0
666.7
666.5
666.7
667.0
666.6
666.6
666.4
666.2
666.5
666.1
666.8
666.6
666.6
666.1
666.8
665.9
666.1
666.5
666.2
666.2
666.7
665.6
664.0
665.5
665.7
666.0
663.9
0.0
0.7
1.7
0.7
0.5
0.4
0.7
0.3
0.1
0.0
7.8
54.4
83.1
369.6
666.8
667.0
666.6
666.2
666.6
666.7
667.3
667.5
666.0
665.9
669.0
668.4
669.7
670.3

