2026-08-26 02:57:12,42.70,35.30,71.00,804,9.82,1947.9
2026-08-26 02:57:17,42.70,35.00,70.75,799,9.79,1948.9
2026-08-26 02:57:22,42.70,34.70,69.75,784,10.02,1952.9
2026-08-26 02:57:27,42.80,34.30,69.75,781,10.05,2767.6
2026-08-26 02:57:32,42.80,34.20,69.75,784,10.05,2931.0
2026-08-26 02:57:37,42.80,34.00,68.50,784,10.03,2868.2
2026-08-26 02:57:42,42.90,33.80,68.25,778,10.11,2872.0
2026-08-26 02:57:47,42.90,33.60,67.75,772,10.26,2878.1
2026-08-26 02:57:52,43.00,33.30,67.50,769,10.31,2875.9
2026-08-26 02:57:57,43.00,32.90,67.25,784,10.37,2877.7
2026-08-26 02:58:02,43.00,32.70,66.50,759,10.42,2879.4
2026-08-26 02:58:07,43.00,32.50,66.75,755,10.56,2880.4
2026-08-26 02:58:12,43.10,32.30,67.75,755,10.58,2880.4
2026-08-26 02:58:17,43.10,32.10,70.50,749,10.73,2879.5
2026-08-26 02:58:22,43.20,31.80,73.75,750,10.60,2880.1
2026-08-26 02:58:27,43.20,31.60,78.75,737,10.68,2880.2
2026-08-26 02:58:32,43.30,31.40,83.75,743,10.58,2880.6
2026-08-26 02:58:37,43.30,31.30,90.25,747,10.61,2881.1
2026-08-26 02:58:42,43.40,31.10,95.00,740,10.79,2881.0
2026-08-26 02:58:47,43.50,30.90,103.50,739,10.82,2881.6
2026-08-26 02:58:52,43.50,30.70,110.50,739,10.84,2881.8
2026-08-26 02:58:57,43.60,30.60,118.75,731,10.91,2881.9
2026-08-26 02:59:02,43.70,30.50,126.75,730,11.02,2882.1
2026-08-26 02:59:07,43.80,30.40,134.75,723,11.04,2882.4
2026-08-26 02:59:12,43.80,30.30,143.50,727,11.06,2882.4
2026-08-26 02:59:17,44.00,30.20,152.00,689,11.12,2882.2
2026-08-26 02:59:22,44.00,30.00,160.25,720,11.15,2882.7
2026-08-26 02:59:27,44.20,29.80,168.50,721,11.12,2882.6
2026-08-26 02:59:32,44.30,29.50,176.25,718,11.19,2882.2
2026-08-26 02:59:37,44.40,29.30,184.50,716,11.25,2881.9
2026-08-26 02:59:42,44.50,29.00,195.00,711,11.27,2881.3
2026-08-26 02:59:47,44.70,28.90,203.00,708,11.36,2880.8
2026-08-26 02:59:52,44.80,28.80,210.75,708,11.36,2880.4
2026-08-26 02:59:57,45.00,28.70,217.50,709,11.42,2880.5
2026-08-26 03:00:02,45.10,28.40,225.25,705,11.44,2880.3
2026-08-26 03:00:07,45.20,28.40,231.50,703,11.42,2879.7
2026-08-26 03:00:12,45.40,28.40,237.25,707,11.46,2879.5
2026-08-26 03:00:17,45.60,28.40,244.25,706,11.46,2878.7
2026-08-26 03:00:22,45.80,28.40,251.50,704,11.46,2878.1
2026-08-26 03:00:27,46.00,27.90,257.75,703,11.40,2877.0
2026-08-26 03:00:32,46.20,27.70,263.75,705,11.46,2876.5
2026-08-26 03:00:37,46.40,27.50,268.75,706,11.46,2875.2
2026-08-26 03:00:42,46.70,27.40,276.00,707,11.34,2873.6
2026-08-26 03:00:47,46.90,27.20,282.25,716,11.21,2872.2
2026-08-26 03:00:52,47.10,26.60,288.25,713,11.27,2871.1
2026-08-26 03:00:57,47.40,26.30,291.75,707,11.34,2869.7
2026-08-26 03:01:02,47.70,26.20,296.25,713,11.29,2867.7
2026-08-26 03:01:07,48.00,25.80,300.50,719,11.27,2866.3
2026-08-26 03:01:12,48.20,25.20,305.75,718,11.15,2865.9
2026-08-26 03:01:17,48.50,24.80,310.50,720,11.17,2863.7
2026-08-26 03:01:22,48.80,24.40,312.75,722,11.12,2861.9
2026-08-26 03:01:27,49.00,23.90,316.50,720,11.14,2860.9
2026-08-26 03:01:32,49.30,23.50,319.75,730,11.06,2860.7
2026-08-26 03:01:37,49.60,23.10,323.50,735,11.06,2859.0
2026-08-26 03:01:42,50.00,22.60,326.75,725,11.12,2857.4
2026-08-26 03:01:47,50.30,22.10,329.75,722,11.04,2857.9
2026-08-26 03:01:52,50.70,21.80,332.75,726,11.10,2854.4
2026-08-26 03:01:57,51.00,21.50,335.00,730,10.95,2852.6
2026-08-26 03:02:02,51.30,21.20,337.75,724,11.02,2851.7
2026-08-26 03:02:07,51.70,20.80,340.50,707,11.02,2850.3
2026-08-26 03:02:12,52.00,20.60,343.00,721,11.15,2848.8
2026-08-26 03:02:17,52.30,20.20,345.25,718,11.15,2846.8
2026-08-26 03:02:22,52.70,19.60,346.75,720,11.15,2845.5
2026-08-26 03:02:27,52.90,18.50,348.75,719,11.23,2845.2
2026-08-26 03:02:32,53.20,17.50,351.25,715,11.34,2844.2
2026-08-26 03:02:37,53.60,16.30,352.50,708,11.38,2843.3
2026-08-26 03:02:42,54.00,15.30,354.50,701,11.44,2841.9
2026-08-26 03:02:47,54.30,14.60,355.75,705,11.46,2840.5
2026-08-26 03:02:52,54.80,13.60,357.75,704,11.58,2839.4
2026-08-26 03:02:57,55.00,13.30,358.75,704,11.44,2838.3
2026-08-26 03:03:02,55.40,12.20,360.25,700,11.52,2837.1
2026-08-26 03:03:07,55.70,11.30,361.75,703,11.54,2835.7
2026-08-26 03:03:12,56.00,10.80,362.75,703,11.52,2834.7
2026-08-26 03:03:17,56.50,10.20,364.50,704,11.48,2834.5
2026-08-26 03:03:22,56.80,9.70,365.25,702,11.48,2832.7
2026-08-26 03:03:27,57.10,9.40,366.25,693,11.44,2831.3
2026-08-26 03:03:32,57.40,8.90,367.00,692,11.70,2830.1
2026-08-26 03:03:37,57.80,8.30,368.50,690,11.78,2829.3
2026-08-26 03:03:42,58.10,8.20,369.75,682,11.82,2828.7
2026-08-26 03:03:47,58.50,7.70,370.75,683,11.85,2827.4
2026-08-26 03:03:52,58.90,7.40,371.25,690,11.78,2827.2
2026-08-26 03:03:57,59.10,7.30,371.75,693,11.72,2825.9
2026-08-26 03:04:02,59.60,6.60,372.50,698,11.58,2825.1
2026-08-26 03:04:07,60.10,6.20,375.50,701,11.54,2824.5
2026-08-26 03:04:12,60.30,6.30,374.25,698,11.58,2823.5
2026-08-26 03:04:17,60.70,6.00,377.50,688,11.68,2822.6
2026-08-26 03:04:22,61.10,5.80,375.50,706,11.46,2821.9
2026-08-26 03:04:27,61.40,5.80,376.25,710,11.40,2822.3
2026-08-26 03:04:32,61.80,5.60,377.00,709,11.40,2820.7
2026-08-26 03:04:37,62.30,5.70,378.50,716,11.21,2819.9
2026-08-26 03:04:42,62.70,5.40,378.50,720,11.15,2818.8
2026-08-26 03:04:47,63.00,5.60,379.25,723,11.04,2818.2
2026-08-26 03:04:52,63.30,5.50,379.75,721,11.04,2818.0
2026-08-26 03:04:57,63.80,5.40,380.75,723,11.10,2817.3
2026-08-26 03:05:02,64.20,5.50,380.50,729,11.01,2817.2
2026-08-26 03:05:07,64.60,5.30,381.75,729,10.95,2816.8
2026-08-26 03:05:12,65.00,5.70,382.25,720,11.10,2816.4
2026-08-26 03:05:17,65.40,5.60,382.00,735,10.91,2816.1
2026-08-26 03:05:22,65.70,5.40,382.25,733,10.97,2817.3
2026-08-26 03:05:27,66.10,5.60,383.00,730,10.95,2816.5
2026-08-26 03:05:32,66.50,5.50,384.25,736,10.91,2816.0
2026-08-26 03:05:37,66.90,5.40,384.25,736,10.73,2815.2
2026-08-26 03:05:42,67.40,5.60,384.75,735,10.93,2814.5
2026-08-26 03:05:47,67.80,5.50,385.25,729,11.04,2814.1
2026-08-26 03:05:52,68.10,5.80,385.25,729,10.95,2812.7
2026-08-26 03:05:57,68.50,5.70,385.25,727,11.02,2812.0
2026-08-26 03:06:02,68.90,5.70,386.00,721,11.12,2811.8
2026-08-26 03:06:07,69.00,5.90,387.00,725,10.97,2811.4
2026-08-26 03:06:12,69.50,5.80,386.50,719,11.17,2810.6
2026-08-26 03:06:17,69.80,5.70,386.25,718,11.31,2810.5
2026-08-26 03:06:22,70.20,6.20,386.75,722,11.15,2810.0
2026-08-26 03:06:27,70.60,6.10,387.00,721,11.14,2808.9
2026-08-26 03:06:32,71.00,6.40,387.75,707,11.17,2808.6
2026-08-26 03:06:37,71.30,6.30,388.00,725,10.95,2808.0
2026-08-26 03:06:42,71.60,6.30,388.25,723,10.90,2808.0
2026-08-26 03:06:47,71.80,6.20,388.25,722,11.10,2807.0
2026-08-26 03:06:52,72.20,6.50,388.50,733,10.88,2806.4
2026-08-26 03:06:57,72.60,6.40,388.50,736,10.86,2805.6
2026-08-26 03:07:02,73.00,6.40,390.00,735,10.88,2805.0
2026-08-26 03:07:07,73.30,6.80,391.00,747,10.82,2803.9
2026-08-26 03:07:12,73.60,6.70,390.00,784,10.82,2803.6
2026-08-26 03:07:17,73.90,6.70,389.75,738,10.88,2803.2
2026-08-26 03:07:22,74.20,7.00,390.00,743,10.75,2803.1
2026-08-26 03:07:27,74.50,6.90,391.00,737,10.86,2802.9
2026-08-26 03:07:32,74.80,6.90,391.50,736,10.90,2802.2
2026-08-26 03:07:37,75.20,7.30,391.25,737,10.99,2801.5
2026-08-26 03:07:42,75.70,7.20,391.25,730,10.95,2800.6
2026-08-26 03:07:47,76.00,7.20,392.00,727,10.91,2800.7
2026-08-26 03:07:52,76.20,7.50,391.50,736,10.97,2800.6
2026-08-26 03:07:57,76.60,7.50,392.50,678,11.14,2800.2
2026-08-26 03:08:02,76.80,7.50,392.50,725,11.10,2800.3
2026-08-26 03:08:07,77.10,7.80,392.75,721,11.12,2800.0
2026-08-26 03:08:12,77.40,7.80,392.25,719,11.17,2800.4
2026-08-26 03:08:17,77.60,7.70,393.25,715,11.25,2799.4
2026-08-26 03:08:22,77.90,7.70,393.25,717,11.25,2799.2
2026-08-26 03:08:27,78.10,8.20,393.50,698,11.19,2799.8
2026-08-26 03:08:32,78.50,8.20,394.50,704,11.42,2799.4
2026-08-26 03:08:37,78.90,8.20,394.25,706,11.25,2799.4
2026-08-26 03:08:42,79.10,8.50,394.00,714,11.15,2799.0
2026-08-26 03:08:47,79.40,8.50,393.50,706,11.34,2798.9
2026-08-26 03:08:52,79.80,8.50,395.00,702,11.50,2799.1
2026-08-26 03:08:57,80.10,8.40,395.50,707,11.34,2798.9
2026-08-26 03:09:02,80.20,8.80,396.00,702,11.46,2798.9
2026-08-26 03:09:07,80.40,8.80,395.75,698,11.52,2798.8
2026-08-26 03:09:12,80.70,8.80,395.75,702,11.54,2798.4
2026-08-26 03:09:17,80.90,8.80,396.25,706,11.34,2797.7
2026-08-26 03:09:22,81.10,9.10,396.00,705,11.50,2797.6
2026-08-26 03:09:27,81.40,9.10,396.75,699,11.52,2797.5
2026-08-26 03:09:32,81.80,9.10,396.75,707,11.46,2797.4
2026-08-26 03:09:37,82.10,9.10,396.50,705,11.46,2797.4
2026-08-26 03:09:42,82.10,9.40,397.00,703,11.56,2797.5
2026-08-26 03:09:47,82.40,9.40,396.50,705,11.38,2797.2
2026-08-26 03:09:52,82.70,9.40,397.00,701,11.56,2797.4
2026-08-26 03:09:57,83.00,9.30,397.50,699,11.54,2797.5
2026-08-26 03:10:02,83.10,9.70,397.50,705,11.52,2796.7
2026-08-26 03:10:07,83.40,9.70,398.00,699,11.52,2796.9
2026-08-26 03:10:12,83.60,9.70,398.00,702,11.52,2796.6
2026-08-26 03:10:17,83.90,9.70,398.00,707,11.36,2795.9
2026-08-26 03:10:22,84.10,9.70,397.75,710,11.40,2795.9
2026-08-26 03:10:27,84.50,10.00,398.75,705,11.48,2795.2
2026-08-26 03:10:32,85.00,10.00,398.50,711,11.76,2795.5
2026-08-26 03:10:37,85.50,10.00,398.00,705,11.40,2794.3
2026-08-26 03:10:42,85.10,10.20,398.25,698,11.58,2793.2
2026-08-26 03:10:47,85.40,10.20,398.75,704,11.46,2792.5
2026-08-26 03:10:52,85.60,10.20,399.00,701,11.50,2793.0
2026-08-26 03:10:57,85.90,10.20,399.25,693,11.72,2792.9
2026-08-26 03:11:02,86.10,10.20,399.25,703,11.56,2793.7
2026-08-26 03:11:07,86.20,0.00,399.50,695,11.58,2793.8
2026-08-26 03:11:12,86.40,0.00,399.50,688,11.66,2793.1
2026-08-26 03:11:17,86.60,0.00,399.00,699,11.54,2793.6
2026-08-26 03:11:22,86.80,0.00,400.50,695,11.68,2793.2
2026-08-26 03:11:27,87.00,0.00,400.00,729,11.46,2793.6
2026-08-26 03:11:32,87.10,0.00,400.25,699,11.54,2793.2
2026-08-26 03:11:37,87.30,0.00,401.00,690,11.68,2793.4
2026-08-26 03:11:42,87.40,0.00,400.50,700,11.56,2794.1
2026-08-26 03:11:47,87.60,0.00,400.75,704,11.54,2792.5
2026-08-26 03:11:52,87.80,0.00,401.50,703,11.60,2792.9
2026-08-26 03:11:57,88.00,0.00,401.50,709,11.42,2793.1
2026-08-26 03:12:02,88.10,0.00,401.25,707,11.42,2792.7
2026-08-26 03:12:07,88.50,0.00,401.50,706,11.42,2792.2
2026-08-26 03:12:12,88.80,0.00,401.50,719,11.15,2792.8
2026-08-26 03:12:17,89.10,0.00,401.50,713,11.27,2793.5
2026-08-26 03:12:22,89.50,0.00,401.75,720,11.15,2794.3
2026-08-26 03:12:27,89.10,0.00,400.75,720,11.14,2793.5
2026-08-26 03:12:32,89.30,0.00,402.00,720,11.15,2794.0
2026-08-26 03:12:37,89.50,0.00,400.25,729,11.10,2794.1
2026-08-26 03:12:42,89.60,0.00,401.75,720,11.15,2794.4
2026-08-26 03:12:47,89.80,0.00,402.00,727,10.97,2794.4
2026-08-26 03:12:52,89.90,0.00,402.50,720,11.15,2795.0
2026-08-26 03:12:57,90.10,0.00,402.75,730,11.06,2795.4
2026-08-26 03:13:02,90.20,0.00,404.25,725,10.97,2795.7
2026-08-26 03:13:07,90.50,0.00,402.50,733,11.44,2795.8
2026-08-26 03:13:12,90.80,0.00,403.00,724,11.12,2795.7
2026-08-26 03:13:17,91.10,0.00,403.00,733,10.95,2794.4
2026-08-26 03:13:22,91.40,0.00,404.25,720,11.14,2794.5
2026-08-26 03:13:27,91.00,0.00,403.50,730,11.02,2794.7
2026-08-26 03:13:32,91.20,0.00,403.25,720,11.17,2793.6
2026-08-26 03:13:37,91.30,0.00,401.75,740,11.02,2793.5
2026-08-26 03:13:42,91.40,0.00,402.25,723,11.15,2793.2
2026-08-26 03:13:47,91.60,0.00,402.75,738,10.72,2793.9
2026-08-26 03:13:52,91.70,0.00,403.50,732,10.99,2793.4
2026-08-26 03:13:57,91.90,0.00,402.75,746,10.65,2793.9
2026-08-26 03:14:02,92.00,0.00,403.00,742,10.77,2794.3
2026-08-26 03:14:07,92.10,0.00,402.75,755,10.58,2794.7
2026-08-26 03:14:12,92.10,0.00,402.75,751,10.66,2795.2
2026-08-26 03:14:17,92.60,0.00,402.75,759,10.11,2795.6
2026-08-26 03:14:22,92.80,0.00,403.00,752,10.56,2795.9
2026-08-26 03:14:27,93.10,0.00,403.00,765,10.39,2801.2
2026-08-26 03:14:32,93.30,0.00,403.25,753,10.53,2798.3
2026-08-26 03:14:37,93.00,0.00,402.75,765,10.36,2798.8
2026-08-26 03:14:42,93.20,0.00,402.75,755,10.56,2798.7
2026-08-26 03:14:47,93.40,0.00,403.00,759,10.39,2799.8
2026-08-26 03:14:52,93.70,0.00,403.00,755,10.56,2800.6
2026-08-26 03:14:57,93.90,0.00,403.00,753,10.58,2800.9
2026-08-26 03:15:02,94.10,0.00,402.25,749,10.68,2801.8
2026-08-26 03:15:07,94.30,0.00,403.00,757,10.51,2802.2
2026-08-26 03:15:12,94.50,0.00,403.25,757,10.49,2803.7
2026-08-26 03:15:17,94.10,0.00,403.25,774,10.21,2802.6
2026-08-26 03:15:22,94.30,0.00,404.00,775,10.21,2803.4
2026-08-26 03:15:27,94.50,0.00,403.75,769,10.28,2804.3
2026-08-26 03:15:32,94.70,0.00,403.00,774,10.23,2804.9
2026-08-26 03:15:37,94.90,0.00,403.00,765,10.34,2806.0
2026-08-26 03:15:42,95.10,0.00,403.75,770,10.21,2806.1
2026-08-26 03:15:47,95.30,0.00,404.00,767,10.41,2807.0
2026-08-26 03:15:52,95.50,0.00,403.50,772,10.28,2807.4
2026-08-26 03:15:57,95.10,0.00,403.50,762,10.46,2806.8
2026-08-26 03:16:02,95.30,0.00,403.75,770,10.29,2808.3
2026-08-26 03:16:07,95.50,0.00,404.25,758,10.46,2808.3
2026-08-26 03:16:12,95.70,0.00,403.25,755,10.42,2808.7
2026-08-26 03:16:17,95.80,0.00,404.00,743,10.73,2808.3
2026-08-26 03:16:22,96.00,0.00,404.25,745,10.65,2809.0
2026-08-26 03:16:27,96.20,0.00,404.00,735,10.46,2808.1
2026-08-26 03:16:32,96.40,0.00,403.75,739,10.66,2809.1
2026-08-26 03:16:37,96.50,0.00,404.00,743,10.75,2809.7
2026-08-26 03:16:42,96.10,0.00,403.75,756,10.51,2810.3
2026-08-26 03:16:47,96.30,0.00,404.00,752,10.56,2810.7
2026-08-26 03:16:52,96.40,0.00,404.00,751,10.58,2810.3
2026-08-26 03:16:57,96.60,0.00,403.00,753,10.46,2810.2
2026-08-26 03:17:02,96.80,0.00,403.75,741,10.65,2809.7
2026-08-26 03:17:07,96.90,0.00,403.50,748,10.61,2809.5
2026-08-26 03:17:12,97.10,0.00,403.75,753,10.58,2809.4
2026-08-26 03:17:17,97.20,0.00,404.25,750,10.61,2809.3
2026-08-26 03:17:22,97.40,0.00,404.00,740,10.73,2809.2
2026-08-26 03:17:27,97.50,0.00,403.00,749,10.63,2808.3
2026-08-26 03:17:32,97.10,0.00,403.25,749,10.61,2808.5
2026-08-26 03:17:37,97.30,0.00,403.00,739,10.88,2809.3
2026-08-26 03:17:42,97.30,0.00,403.75,738,10.81,2810.6
2026-08-26 03:17:47,97.50,0.00,403.25,750,10.58,2809.4
2026-08-26 03:17:52,97.60,0.00,403.50,750,10.61,2810.1
2026-08-26 03:17:57,97.80,0.00,404.25,744,10.73,2810.8
2026-08-26 03:18:02,97.90,0.00,403.75,765,10.70,2811.4
2026-08-26 03:18:07,98.00,0.00,403.75,746,10.73,2810.7
2026-08-26 03:18:12,98.20,0.00,403.50,750,10.42,2809.5
2026-08-26 03:18:17,98.30,0.00,404.00,783,10.58,2810.1
2026-08-26 03:18:22,98.50,0.00,403.75,752,10.58,2810.6
2026-08-26 03:18:27,98.00,0.00,404.00,749,10.60,2810.2
2026-08-26 03:18:32,98.10,0.00,406.25,751,10.58,2810.6
2026-08-26 03:18:37,98.30,0.00,404.00,752,10.58,2810.4
2026-08-26 03:18:42,98.40,0.00,403.50,751,10.61,2811.2
2026-08-26 03:18:47,98.50,0.00,403.50,750,10.60,2811.5
2026-08-26 03:18:52,98.60,0.00,401.25,753,10.58,2812.6
2026-08-26 03:18:57,98.70,0.00,403.50,752,10.58,2812.1
2026-08-26 03:19:02,98.90,0.00,403.75,751,10.58,2814.0
2026-08-26 03:19:07,99.00,0.00,404.00,752,10.61,2814.9
2026-08-26 03:19:12,99.10,0.00,404.00,745,10.66,2815.8
2026-08-26 03:19:17,99.20,0.00,403.75,741,10.79,2816.4
2026-08-26 03:19:22,99.30,0.00,403.75,739,10.73,2815.2
2026-08-26 03:19:27,99.40,0.00,403.75,727,10.60,2814.7
2026-08-26 03:19:32,99.50,0.00,404.00,753,10.58,2814.8
2026-08-26 03:19:37,99.00,0.00,403.50,752,10.54,2814.8
2026-08-26 03:19:42,99.10,0.00,403.50,759,10.46,2815.1
2026-08-26 03:19:47,99.30,0.00,403.50,758,10.49,2815.7
2026-08-26 03:19:52,99.40,0.00,403.50,761,10.46,2816.5
2026-08-26 03:19:57,99.50,0.00,403.50,757,10.48,2817.4
2026-08-26 03:20:02,99.60,0.00,402.75,762,10.46,2818.0
2026-08-26 03:20:07,99.60,0.00,403.50,755,10.49,2819.2
2026-08-26 03:20:12,99.70,0.00,403.00,758,10.46,2819.9
2026-08-26 03:20:17,99.80,0.00,403.50,752,10.58,2819.7
2026-08-26 03:20:22,100.00,0.00,403.50,750,10.36,2819.9
2026-08-26 03:20:27,100.10,0.00,403.25,750,10.58,2819.4
2026-08-26 03:20:32,100.20,0.00,403.75,751,10.61,2818.6
2026-08-26 03:20:37,100.20,0.00,403.00,749,10.66,2819.1
2026-08-26 03:20:42,100.30,0.00,403.00,748,10.70,2820.2
2026-08-26 03:20:47,100.40,0.00,403.00,744,10.75,2819.8
2026-08-26 03:20:52,100.50,0.00,403.50,741,10.75,2820.6
2026-08-26 03:20:57,100.00,0.00,403.25,741,10.73,2820.8
2026-08-26 03:21:02,100.00,0.00,403.75,739,10.75,2822.4
2026-08-26 03:21:07,100.00,0.00,403.75,742,10.66,2821.8
2026-08-26 03:21:12,100.00,0.00,404.75,751,10.61,2822.6
2026-08-26 03:21:17,100.00,0.00,404.25,745,10.70,2822.8
2026-08-26 03:21:22,100.00,0.00,404.25,747,10.61,2823.1
2026-08-26 03:21:27,100.00,0.00,403.25,741,10.73,2823.2
2026-08-26 03:21:32,100.00,0.00,404.75,738,10.84,2822.3
2026-08-26 03:21:37,100.00,0.00,403.75,741,10.81,2822.5
2026-08-26 03:21:42,100.00,0.00,404.75,746,10.61,2822.4
2026-08-26 03:21:47,100.00,0.00,404.25,758,10.54,2823.0
2026-08-26 03:21:52,100.00,0.00,404.25,762,10.46,2823.0
2026-08-26 03:21:57,100.00,0.00,404.75,767,10.34,2823.1
2026-08-26 03:22:02,100.00,0.00,405.00,766,10.39,2823.4
2026-08-26 03:22:07,100.00,0.00,404.00,761,10.39,2823.3
2026-08-26 03:22:12,100.00,0.00,403.50,767,10.36,2822.6
2026-08-26 03:22:17,100.00,0.00,403.25,762,10.39,2822.7
2026-08-26 03:22:22,100.00,0.00,403.50,762,10.49,2823.1
2026-08-26 03:22:27,100.00,0.00,403.75,761,10.48,2823.6
2026-08-26 03:22:32,100.00,0.00,403.75,753,10.54,2823.4
2026-08-26 03:22:37,100.00,0.00,403.50,752,10.58,2822.2
2026-08-26 03:22:42,100.00,0.00,404.25,748,10.60,2822.4
2026-08-26 03:22:47,100.00,0.00,403.50,743,10.68,2822.7
2026-08-26 03:22:52,100.00,0.00,404.25,744,10.77,2821.9
2026-08-26 03:22:57,100.00,0.00,404.00,745,10.61,2821.1
2026-08-26 03:23:02,100.00,0.00,404.00,750,10.58,2820.4
2026-08-26 03:23:07,100.00,0.00,404.00,750,10.58,2820.8
2026-08-26 03:23:12,100.00,0.00,404.75,749,10.61,2820.8
2026-08-26 03:23:17,100.00,0.00,405.50,749,10.61,2821.1
2026-08-26 03:23:22,100.00,0.00,404.00,751,10.60,2821.7
2026-08-26 03:23:27,100.00,0.00,403.75,755,10.58,2820.7
2026-08-26 03:23:32,100.00,0.00,404.00,743,10.73,2820.4
2026-08-26 03:23:37,100.00,0.00,404.25,736,10.81,2820.1
2026-08-26 03:23:42,100.00,0.00,404.50,735,10.90,2819.8
2026-08-26 03:23:47,100.00,0.00,404.25,732,10.91,2819.5
2026-08-26 03:23:52,100.00,0.00,404.00,725,10.91,2819.4
2026-08-26 03:23:57,100.00,0.00,404.50,730,10.95,2819.1
2026-08-26 03:24:02,100.00,0.00,404.50,727,10.91,2819.1
2026-08-26 03:24:07,100.00,0.00,404.75,725,11.06,2819.5
2026-08-26 03:24:12,100.00,0.00,404.75,723,11.10,2820.2
2026-08-26 03:24:17,100.00,0.00,404.75,722,11.12,2821.6
2026-08-26 03:24:22,100.00,0.00,404.75,722,11.02,2822.1
2026-08-26 03:24:27,100.00,0.00,404.75,725,10.90,2821.0
2026-08-26 03:24:32,100.00,0.00,404.75,722,11.10,2821.0
2026-08-26 03:24:37,100.00,0.00,405.00,724,11.12,2821.3
2026-08-26 03:24:42,100.00,0.00,404.75,723,11.14,2820.5
2026-08-26 03:24:47,100.00,0.00,405.00,721,11.10,2821.1
2026-08-26 03:24:52,100.00,0.00,405.50,722,11.14,2821.3
2026-08-26 03:24:57,100.00,0.00,405.25,723,11.06,2821.6
2026-08-26 03:25:02,100.00,0.00,406.00,726,11.02,2821.9
2026-08-26 03:25:07,100.00,0.00,406.00,731,11.04,2822.5
2026-08-26 03:25:12,100.00,0.00,406.25,729,11.02,2821.3
2026-08-26 03:25:17,100.00,0.00,406.25,735,10.90,2821.4
2026-08-26 03:25:22,100.00,0.00,405.75,731,10.82,2821.9
2026-08-26 03:25:27,100.00,0.00,406.25,740,10.82,2822.8
2026-08-26 03:25:32,100.00,0.00,406.50,742,10.75,2822.8
2026-08-26 03:25:37,100.00,0.00,406.50,747,10.70,2822.5
2026-08-26 03:25:42,100.00,0.00,407.00,746,10.70,2822.5
2026-08-26 03:25:47,100.00,0.00,407.00,746,10.66,2823.0
2026-08-26 03:25:52,100.00,0.00,407.25,746,10.75,2822.7
2026-08-26 03:25:57,100.00,0.00,407.50,747,10.70,2822.5
2026-08-26 03:26:02,100.00,0.00,407.25,749,10.75,2823.3
2026-08-26 03:26:07,100.00,0.00,407.00,750,10.63,2823.2
2026-08-26 03:26:12,100.00,0.00,407.25,753,10.56,2823.9
2026-08-26 03:26:17,100.00,0.00,407.50,752,10.58,2823.5
2026-08-26 03:26:22,100.00,0.00,407.50,757,10.54,2824.3
2026-08-26 03:26:27,100.00,0.00,407.75,763,10.39,2824.5
2026-08-26 03:26:32,100.00,0.00,407.75,770,10.23,2824.4
2026-08-26 03:26:37,100.00,0.00,407.50,774,10.19,2823.6
2026-08-26 03:26:42,100.00,0.00,407.75,778,10.21,2822.9
2026-08-26 03:26:47,100.00,0.00,407.50,773,10.19,2823.4
2026-08-26 03:26:52,100.00,0.00,407.75,773,10.26,2823.9
2026-08-26 03:26:57,100.00,0.00,407.75,753,10.29,2823.8
2026-08-26 03:27:02,100.00,0.00,407.25,762,10.41,2825.1
2026-08-26 03:27:07,100.00,0.00,407.75,755,10.54,2825.4
2026-08-26 03:27:12,100.00,0.00,408.00,752,10.58,2825.2
2026-08-26 03:27:17,100.00,0.00,408.25,751,10.58,2824.3
2026-08-26 03:27:22,100.00,0.00,408.25,752,10.56,2823.7
2026-08-26 03:27:27,100.00,0.00,409.00,755,10.48,2823.3
2026-08-26 03:27:32,100.00,0.00,408.75,765,10.32,2823.2
2026-08-26 03:27:37,100.00,0.00,408.50,773,10.26,2822.4
2026-08-26 03:27:42,100.00,0.00,408.50,774,10.24,2822.5
2026-08-26 03:27:47,100.00,0.00,408.50,773,10.05,2823.1
2026-08-26 03:27:52,100.00,0.00,408.25,768,10.28,2823.7
2026-08-26 03:27:57,100.00,0.00,409.00,766,10.36,2823.4
2026-08-26 03:28:02,100.00,0.00,408.50,756,10.51,2822.8
2026-08-26 03:28:07,100.00,0.00,408.50,754,10.49,2822.6
2026-08-26 03:28:12,100.00,0.00,408.25,766,10.32,2821.3
2026-08-26 03:28:17,100.00,0.00,408.75,762,10.24,2821.9
2026-08-26 03:28:22,100.00,0.00,407.25,768,10.28,2822.2
2026-08-26 03:28:27,100.00,0.00,408.00,759,10.41,2822.0
2026-08-26 03:28:32,100.00,0.00,407.75,757,10.49,2821.9
2026-08-26 03:28:37,100.00,0.00,408.25,763,10.34,2822.3
2026-08-26 03:28:42,100.00,0.00,408.50,774,10.14,2822.4
2026-08-26 03:28:47,100.00,0.00,408.25,771,10.28,2822.1
2026-08-26 03:28:52,100.00,0.00,408.50,765,10.32,2822.0
2026-08-26 03:28:57,100.00,0.00,408.25,771,10.19,2821.7
2026-08-26 03:29:02,100.00,0.00,408.50,781,10.08,2821.4
2026-08-26 03:29:07,100.00,0.00,408.25,769,10.28,2821.2
2026-08-26 03:29:12,100.00,0.00,408.50,752,10.42,2821.4
2026-08-26 03:29:17,100.00,0.00,408.25,763,10.46,2821.7
2026-08-26 03:29:22,100.00,0.00,407.00,775,10.21,2821.1
2026-08-26 03:29:27,100.00,0.00,408.25,766,10.36,2821.1
2026-08-26 03:29:32,100.00,0.00,408.25,751,10.31,2821.0
2026-08-26 03:29:37,100.00,0.00,408.00,765,10.36,2821.4
2026-08-26 03:29:42,100.00,0.00,408.25,769,10.29,2821.5
2026-08-26 03:29:47,100.00,0.00,408.25,753,10.56,2821.8
2026-08-26 03:29:52,100.00,0.00,408.25,765,10.48,2821.4
2026-08-26 03:29:57,100.00,0.00,408.00,768,10.31,2821.3
2026-08-26 03:30:02,100.00,0.00,407.50,751,10.58,2820.7
2026-08-26 03:30:07,100.00,0.00,408.00,764,10.39,2820.8
2026-08-26 03:30:12,100.00,0.00,407.75,752,10.58,2820.6
2026-08-26 03:30:17,100.00,0.00,407.75,747,10.39,2820.7
2026-08-26 03:30:22,100.00,0.00,407.75,759,10.48,2820.7
2026-08-26 03:30:27,100.00,0.00,408.00,749,10.66,2820.4
2026-08-26 03:30:32,100.00,0.00,407.75,742,10.82,2821.1
2026-08-26 03:30:37,100.00,0.00,407.25,752,10.54,2820.5
2026-08-26 03:30:42,100.00,0.00,408.00,754,10.58,2820.2
2026-08-26 03:30:47,100.00,0.00,408.75,747,10.70,2818.2
2026-08-26 03:30:52,100.00,0.00,408.50,739,10.84,2818.9
2026-08-26 03:30:57,100.00,0.00,408.25,735,10.88,2818.8
2026-08-26 03:31:02,100.00,0.00,408.50,739,10.75,2819.7
2026-08-26 03:31:07,100.00,0.00,408.50,752,10.60,2820.0
2026-08-26 03:31:12,100.00,0.00,408.75,754,11.15,2820.7
2026-08-26 03:31:17,100.00,0.00,408.50,751,10.65,2821.6
2026-08-26 03:31:22,100.00,0.00,409.00,740,10.75,2821.8
2026-08-26 03:31:27,100.00,0.00,408.00,738,10.86,0.0
2026-08-26 03:31:32,100.00,0.00,408.75,736,10.86,2822.2
2026-08-26 03:31:37,100.00,0.00,408.25,752,10.56,2822.0
2026-08-26 03:31:42,100.00,0.00,408.75,748,10.68,2821.1
2026-08-26 03:31:47,100.00,0.00,408.75,752,10.60,2820.6
2026-08-26 03:31:52,100.00,0.00,408.75,752,11.12,2821.4
2026-08-26 03:31:57,100.00,0.00,408.50,756,10.58,2821.1
2026-08-26 03:32:02,100.00,0.00,409.00,749,10.63,2821.3
2026-08-26 03:32:07,100.00,0.00,408.75,767,10.31,2820.5
2026-08-26 03:32:12,100.00,0.00,408.75,752,10.49,2820.4
2026-08-26 03:32:17,100.00,0.00,409.50,766,10.32,2819.1
2026-08-26 03:32:22,100.00,0.00,409.25,763,10.41,2819.8
2026-08-26 03:32:27,100.00,0.00,409.25,765,10.42,2820.0
2026-08-26 03:32:32,100.00,0.00,409.00,771,10.26,2819.4
2026-08-26 03:32:37,100.00,0.00,409.25,765,10.31,2820.0
2026-08-26 03:32:42,100.00,0.00,409.00,765,10.32,2820.5
2026-08-26 03:32:47,100.00,0.00,409.25,768,9.94,2820.8
2026-08-26 03:32:52,100.00,0.00,409.50,754,10.53,2822.1
2026-08-26 03:32:57,100.00,0.00,409.00,768,10.28,2820.8
2026-08-26 03:33:02,100.00,0.00,409.00,752,10.58,2819.8
2026-08-26 03:33:07,100.00,0.00,409.00,766,10.28,2819.9
2026-08-26 03:33:12,100.00,0.00,409.25,766,10.37,2818.7
2026-08-26 03:33:17,100.00,0.00,409.00,785,10.03,2819.5
2026-08-26 03:33:22,100.00,0.00,408.50,774,10.21,2819.4
2026-08-26 03:33:27,100.00,0.00,408.75,784,10.05,2820.1
2026-08-26 03:33:32,100.00,0.00,409.25,758,10.37,2820.0
2026-08-26 03:33:37,100.00,0.00,409.00,765,10.29,2820.7
2026-08-26 03:33:42,100.00,0.00,408.75,763,10.42,2820.5
2026-08-26 03:33:47,100.00,0.00,408.75,716,10.61,2820.6
2026-08-26 03:33:52,100.00,0.00,409.25,759,10.48,2820.1
2026-08-26 03:33:57,100.00,0.00,409.00,768,10.29,2820.0
2026-08-26 03:34:02,100.00,0.00,408.50,770,10.39,2819.8
2026-08-26 03:34:07,100.00,0.00,409.00,772,10.24,2818.9
2026-08-26 03:34:12,100.00,0.00,409.00,791,9.95,2818.6
2026-08-26 03:34:17,100.00,0.00,409.00,784,10.05,2817.6
2026-08-26 03:34:22,100.00,0.00,409.75,784,10.00,2816.3
2026-08-26 03:34:27,100.00,0.00,409.00,803,9.80,2816.0
2026-08-26 03:34:32,100.00,0.00,409.50,784,9.99,2816.5
2026-08-26 03:34:37,100.00,0.00,410.75,811,9.64,2815.8
2026-08-26 03:34:42,100.00,0.00,409.25,807,9.67,2816.5
2026-08-26 03:34:47,100.00,0.00,409.50,799,9.79,2815.1
2026-08-26 03:34:52,100.00,0.00,409.75,818,9.53,2814.8
2026-08-26 03:34:57,100.00,0.00,409.50,830,9.46,2813.6
2026-08-26 03:35:02,100.00,0.00,409.50,832,9.32,2813.0
2026-08-26 03:35:07,100.00,0.00,409.75,830,9.40,2812.9
2026-08-26 03:35:12,100.00,0.00,410.75,827,9.46,2813.0
2026-08-26 03:35:17,100.00,0.00,410.50,834,9.29,2813.4
2026-08-26 03:35:22,100.00,0.00,410.25,847,9.12,2813.4
2026-08-26 03:35:27,100.00,0.00,410.00,840,9.26,2813.1
2026-08-26 03:35:32,100.00,0.00,410.50,832,9.36,2813.6
2026-08-26 03:35:37,100.00,0.00,410.75,869,9.32,2813.3
2026-08-26 03:35:42,100.00,0.00,411.00,848,9.08,2812.9
2026-08-26 03:35:47,100.00,0.00,411.25,843,9.11,2812.7
2026-08-26 03:35:52,100.00,0.00,411.25,870,8.82,2812.7
2026-08-26 03:35:57,100.00,0.00,411.50,861,8.94,2812.3
2026-08-26 03:36:02,100.00,0.00,411.25,855,9.04,2812.5
2026-08-26 03:36:07,100.00,0.00,412.00,862,8.90,2812.5
2026-08-26 03:36:12,100.00,0.00,410.75,867,8.86,2812.7
2026-08-26 03:36:17,100.00,0.00,411.25,849,9.08,2813.6
2026-08-26 03:36:22,100.00,0.00,411.25,848,9.11,2813.9
2026-08-26 03:36:27,100.00,0.00,411.25,871,8.74,2813.7
2026-08-26 03:36:32,100.00,0.00,411.25,864,8.86,2813.7
2026-08-26 03:36:37,100.00,0.00,411.25,861,8.96,2813.6
2026-08-26 03:36:42,100.00,0.00,411.50,878,8.73,2814.1
2026-08-26 03:36:47,100.00,0.00,411.75,881,8.66,2814.1
2026-08-26 03:36:52,100.00,0.00,411.50,875,8.72,2814.2
2026-08-26 03:36:57,100.00,0.00,411.00,880,8.71,2814.5
2026-08-26 03:37:02,100.00,0.00,411.75,882,8.66,2814.4
2026-08-26 03:37:07,100.00,0.00,412.25,885,8.57,2815.0
2026-08-26 03:37:12,100.00,0.00,412.25,891,8.56,2815.7
2026-08-26 03:37:17,100.00,0.00,411.75,882,8.62,2816.4
2026-08-26 03:37:22,100.00,0.00,411.75,879,8.69,2817.2
2026-08-26 03:37:27,100.00,0.00,412.00,871,8.85,2816.6
2026-08-26 03:37:32,100.00,0.00,412.00,857,8.72,2816.6
2026-08-26 03:37:37,100.00,0.00,411.75,860,9.32,2816.5
2026-08-26 03:37:42,100.00,0.00,412.25,869,8.77,2816.5
2026-08-26 03:37:47,100.00,0.00,412.25,875,8.77,2816.3
2026-08-26 03:37:52,100.00,0.00,412.25,879,8.69,2815.8
2026-08-26 03:37:57,100.00,0.00,412.50,879,8.98,2815.9
2026-08-26 03:38:02,100.00,0.00,412.00,878,8.78,2816.2
2026-08-26 03:38:07,100.00,0.00,412.50,867,8.86,2816.6
2026-08-26 03:38:12,100.00,0.00,412.75,863,8.91,2816.1
2026-08-26 03:38:17,100.00,0.00,412.75,877,8.69,2815.8
2026-08-26 03:38:22,100.00,0.00,412.50,885,8.63,2816.4
2026-08-26 03:38:27,100.00,0.00,412.25,881,8.63,2816.3
2026-08-26 03:38:32,100.00,0.00,412.50,873,8.76,2816.3
2026-08-26 03:38:37,100.00,0.00,412.50,861,8.95,2816.4
2026-08-26 03:38:42,100.00,0.00,413.75,858,8.99,2815.9
2026-08-26 03:38:47,100.00,0.00,413.75,866,8.86,2815.1
2026-08-26 03:38:52,100.00,0.00,414.50,882,8.62,2814.3
2026-08-26 03:38:57,100.00,0.00,414.00,886,8.64,2815.2
2026-08-26 03:39:02,100.00,0.00,413.75,875,8.76,2815.9
2026-08-26 03:39:07,100.00,0.00,414.75,871,8.81,2815.6
2026-08-26 03:39:12,100.00,0.00,414.25,875,8.73,2814.3
2026-08-26 03:39:17,100.00,0.00,414.25,884,8.66,2814.9
2026-08-26 03:39:22,100.00,0.00,415.00,899,8.45,2814.0
2026-08-26 03:39:27,100.00,0.00,415.25,901,8.44,2814.3
2026-08-26 03:39:32,100.00,0.00,414.75,902,8.48,2815.1
2026-08-26 03:39:37,100.00,0.00,415.00,896,8.50,2815.4
2026-08-26 03:39:42,100.00,0.00,415.50,893,8.50,2813.4
2026-08-26 03:39:47,100.00,0.00,415.25,887,8.56,2813.9
2026-08-26 03:39:52,100.00,0.00,415.50,894,8.51,2813.6
2026-08-26 03:39:57,100.00,0.00,415.50,897,8.56,2814.9
2026-08-26 03:40:02,100.00,0.00,416.25,896,8.50,2815.8
2026-08-26 03:40:07,100.00,0.00,415.75,911,8.41,2815.4
2026-08-26 03:40:12,100.00,0.00,415.75,917,8.27,2814.7
2026-08-26 03:40:17,100.00,0.00,416.00,915,8.25,2814.1
2026-08-26 03:40:22,100.00,0.00,415.50,917,8.25,2805.7
2026-08-26 03:40:27,100.00,0.00,415.75,928,8.11,2805.0
2026-08-26 03:40:32,100.00,0.00,416.00,918,8.23,2804.1
2026-08-26 03:40:37,100.00,0.00,415.75,916,8.27,2803.9
2026-08-26 03:40:42,100.00,0.00,415.75,913,8.27,2803.8
2026-08-26 03:40:47,100.00,0.00,415.50,905,8.29,2802.3
2026-08-26 03:40:52,100.00,0.00,416.00,913,8.27,2801.9
2026-08-26 03:40:57,100.00,0.00,416.25,915,8.26,2802.6
2026-08-26 03:41:02,100.00,0.00,416.00,900,8.28,2803.2
2026-08-26 03:41:07,100.00,0.00,415.50,912,8.28,2803.6
2026-08-26 03:41:12,100.00,0.00,416.00,916,8.23,2803.0
2026-08-26 03:41:17,100.00,0.00,416.00,935,8.01,2803.0
2026-08-26 03:41:22,100.00,0.00,415.75,944,7.94,2802.0
2026-08-26 03:41:27,100.00,0.00,415.75,939,8.01,2801.3
2026-08-26 03:41:32,100.00,0.00,415.50,920,8.46,2800.9
2026-08-26 03:41:37,100.00,0.00,415.75,923,8.18,2800.8
2026-08-26 03:41:42,100.00,0.00,415.50,945,7.96,2801.6
2026-08-26 03:41:47,100.00,0.00,415.25,945,7.89,2802.7
2026-08-26 03:41:52,100.00,0.00,414.75,938,8.02,2803.0
2026-08-26 03:41:57,100.00,0.00,415.25,927,8.13,2802.9
2026-08-26 03:42:02,100.00,0.00,415.25,932,8.08,2802.6
2026-08-26 03:42:07,100.00,0.00,414.75,947,7.91,2802.8
2026-08-26 03:42:12,100.00,0.00,414.75,944,7.94,2803.7
2026-08-26 03:42:17,100.00,0.00,414.00,927,8.15,2803.7
2026-08-26 03:42:22,100.00,0.00,415.00,926,8.15,2804.3
2026-08-26 03:42:27,100.00,0.00,414.75,923,8.17,2804.2
2026-08-26 03:42:32,100.00,0.00,414.50,941,7.98,2804.0
2026-08-26 03:42:37,100.00,0.00,414.00,944,7.89,2803.2
2026-08-26 03:42:42,100.00,0.00,414.00,938,8.09,2803.6
2026-08-26 03:42:47,100.00,0.00,413.75,931,8.19,2804.8
2026-08-26 03:42:52,100.00,0.00,413.75,921,8.19,2804.8
2026-08-26 03:42:57,100.00,0.00,414.00,929,8.15,2804.2
2026-08-26 03:43:02,100.00,0.00,413.75,930,8.09,2803.8
2026-08-26 03:43:07,100.00,0.00,413.50,943,7.94,2804.1
2026-08-26 03:43:12,100.00,0.00,413.25,942,7.98,2804.1
2026-08-26 03:43:17,100.00,0.00,413.00,930,8.11,2804.8
2026-08-26 03:43:22,100.00,0.00,413.00,922,8.22,2805.0
2026-08-26 03:43:27,100.00,0.00,390.00,928,8.12,2804.7
2026-08-26 03:43:32,100.00,0.00,387.00,937,7.96,2805.2
2026-08-26 03:43:37,100.00,0.00,406.75,950,7.90,2804.8
2026-08-26 03:43:42,100.00,0.00,408.25,961,7.77,2804.3
2026-08-26 03:43:47,100.00,0.00,408.25,963,7.68,2803.1
2026-08-26 03:43:52,100.00,0.00,408.25,967,7.77,2803.4
2026-08-26 03:43:57,100.00,0.00,408.25,971,7.62,2804.0
2026-08-26 03:44:02,100.00,0.00,408.25,962,7.75,2804.0
2026-08-26 03:44:07,100.00,0.00,408.00,982,7.76,2804.8
2026-08-26 03:44:12,100.00,0.00,408.00,975,7.65,2802.8
2026-08-26 03:44:17,100.00,0.00,408.00,982,7.55,2802.6
2026-08-26 03:44:22,100.00,0.00,408.00,991,7.48,2802.8
2026-08-26 03:44:27,100.00,0.00,407.50,962,7.71,2803.0
2026-08-26 03:44:32,100.00,0.00,407.25,990,7.49,2802.8
2026-08-26 03:44:37,100.00,0.00,407.75,971,7.67,2803.2
2026-08-26 03:44:42,100.00,0.00,407.25,978,7.59,2801.8
2026-08-26 03:44:47,100.00,0.00,407.75,994,7.41,2801.8
2026-08-26 03:44:52,100.00,0.00,407.50,982,7.57,2800.7
2026-08-26 03:44:57,100.00,0.00,407.25,1006,7.31,2800.4
2026-08-26 03:45:02,100.00,0.00,407.75,998,7.34,2801.0
2026-08-26 03:45:07,100.00,0.00,407.25,996,7.45,2801.5
2026-08-26 03:45:12,100.00,0.00,407.75,1018,7.26,2801.8
2026-08-26 03:45:17,100.00,0.00,407.75,1003,7.35,2802.9
2026-08-26 03:45:22,100.00,0.00,407.75,1038,7.07,2803.1
2026-08-26 03:45:27,100.00,0.00,387.00,1009,7.23,2802.5
2026-08-26 03:45:32,100.00,0.00,389.00,1083,6.99,2801.5
2026-08-26 03:45:37,100.00,0.00,408.00,1009,7.26,2801.4
2026-08-26 03:45:42,100.00,0.00,407.75,1022,7.20,2801.6
2026-08-26 03:45:47,100.00,0.00,408.00,1004,7.22,2802.7
2026-08-26 03:45:52,100.00,0.00,407.25,997,7.40,2802.7
2026-08-26 03:45:57,100.00,0.00,407.75,1019,7.15,2801.9
2026-08-26 03:46:02,100.00,0.00,408.00,1010,7.28,2801.9
2026-08-26 03:46:07,100.00,0.00,408.00,1017,7.18,2802.2
2026-08-26 03:46:12,100.00,0.00,408.25,1037,7.03,2804.0
2026-08-26 03:46:17,100.00,0.00,408.25,1009,7.28,2803.5
2026-08-26 03:46:22,100.00,0.00,408.00,1019,7.15,2803.0
2026-08-26 03:46:27,100.00,0.00,408.75,1034,7.15,2804.1
2026-08-26 03:46:32,100.00,0.00,408.25,1007,7.32,2802.4
2026-08-26 03:46:37,100.00,0.00,407.75,1023,7.15,2794.2
2026-08-26 03:46:42,100.00,0.00,408.00,998,7.40,2773.5
2026-08-26 03:46:47,100.00,0.00,408.00,999,7.31,2824.8
2026-08-26 03:46:52,100.00,0.00,408.25,985,7.55,2787.2
2026-08-26 03:46:57,100.00,0.00,407.25,979,7.59,2816.1
2026-08-26 03:47:02,100.00,0.00,408.50,993,7.42,2825.7
2026-08-26 03:47:07,100.00,0.00,408.50,970,7.66,2819.4
2026-08-26 03:47:12,100.00,0.00,408.50,976,7.59,2816.0
2026-08-26 03:47:17,100.00,0.00,408.25,976,7.58,2820.1
2026-08-26 03:47:22,100.00,0.00,408.00,959,7.78,2792.5
2026-08-26 03:47:27,100.00,0.00,387.25,991,7.60,2801.9
2026-08-26 03:47:32,100.00,0.00,389.50,960,7.77,2800.1
2026-08-26 03:47:37,100.00,0.00,409.75,950,7.87,2798.8
2026-08-26 03:47:42,100.00,0.00,408.00,978,7.67,2799.2
2026-08-26 03:47:47,100.00,0.00,408.50,965,7.74,2800.6
2026-08-26 03:47:52,100.00,0.00,408.50,944,7.94,2799.6
2026-08-26 03:47:57,100.00,0.00,408.50,961,7.76,2799.5
2026-08-26 03:48:02,100.00,0.00,407.50,960,7.66,2798.4
2026-08-26 03:48:07,100.00,0.00,408.50,939,7.94,2796.6
2026-08-26 03:48:12,100.00,0.00,408.25,945,7.94,2794.9
2026-08-26 03:48:17,100.00,0.00,407.25,970,7.66,2794.8
2026-08-26 03:48:22,100.00,0.00,408.50,971,7.62,2795.7
2026-08-26 03:48:27,100.00,0.00,408.00,956,7.83,2795.4
2026-08-26 03:48:32,100.00,0.00,407.75,965,7.70,2794.0
2026-08-26 03:48:37,100.00,0.00,408.25,977,7.63,2793.9
2026-08-26 03:48:42,100.00,0.00,408.25,964,7.74,2793.4
2026-08-26 03:48:47,100.00,0.00,408.50,945,7.94,2798.1
2026-08-26 03:48:52,100.00,0.00,408.00,929,7.94,2797.8
2026-08-26 03:48:57,100.00,0.00,408.00,944,8.00,2797.2
2026-08-26 03:49:02,100.00,0.00,407.75,947,7.89,2796.1
2026-08-26 03:49:07,100.00,0.00,408.00,963,7.72,2794.6
2026-08-26 03:49:12,100.00,0.00,408.25,969,7.67,2793.4
2026-08-26 03:49:17,100.00,0.00,408.50,957,7.85,2793.6
2026-08-26 03:49:22,100.00,0.00,408.25,959,7.75,2793.0
2026-08-26 03:49:27,100.00,0.00,389.00,973,7.58,2792.5
2026-08-26 03:49:32,100.00,0.00,387.50,967,7.94,2792.0
2026-08-26 03:49:37,100.00,0.00,409.00,962,7.71,2789.2
2026-08-26 03:49:42,100.00,0.00,408.75,976,7.57,2788.8
2026-08-26 03:49:47,100.00,0.00,407.50,961,7.76,2788.3
2026-08-26 03:49:52,100.00,0.00,407.00,977,7.60,2787.8
2026-08-26 03:49:57,100.00,0.00,407.25,976,7.60,2788.0
2026-08-26 03:50:02,100.00,0.00,407.25,960,7.80,2787.7
2026-08-26 03:50:07,100.00,0.00,407.00,977,7.59,2787.5
2026-08-26 03:50:12,100.00,0.00,407.25,969,7.73,2788.2
2026-08-26 03:50:17,100.00,0.00,409.50,956,7.92,2788.5
2026-08-26 03:50:22,100.00,0.00,407.00,976,7.61,2789.7
2026-08-26 03:50:27,100.00,0.00,407.00,976,7.60,2788.6
2026-08-26 03:50:32,100.00,0.00,407.25,961,7.78,2787.2
2026-08-26 03:50:37,100.00,0.00,407.25,956,7.74,2786.9
2026-08-26 03:50:42,100.00,0.00,407.00,976,7.59,2786.1
2026-08-26 03:50:47,100.00,0.00,407.00,965,7.73,2785.0
2026-08-26 03:50:52,100.00,0.00,406.75,955,7.78,2786.2
2026-08-26 03:50:57,100.00,0.00,407.00,974,7.61,2786.3
2026-08-26 03:51:02,100.00,0.00,407.50,960,7.78,2786.9
2026-08-26 03:51:07,100.00,0.00,407.25,949,7.93,2786.9
2026-08-26 03:51:12,100.00,0.00,406.50,962,7.74,2786.8
2026-08-26 03:51:17,100.00,0.00,407.75,976,7.61,2786.8
2026-08-26 03:51:22,100.00,0.00,407.25,975,7.71,2787.1
2026-08-26 03:51:27,100.00,0.00,390.25,963,7.77,2786.9
2026-08-26 03:51:32,100.00,0.00,390.00,953,7.80,2785.6
2026-08-26 03:51:37,100.00,0.00,408.00,973,7.66,2786.0
2026-08-26 03:51:42,100.00,0.00,409.00,976,7.60,2785.1
2026-08-26 03:51:47,100.00,0.00,409.00,961,7.76,2786.4
2026-08-26 03:51:52,100.00,0.00,409.25,953,7.89,2786.8
2026-08-26 03:51:57,100.00,0.00,409.50,965,7.72,2786.5
2026-08-26 03:52:02,100.00,0.00,409.25,976,7.60,2785.8
2026-08-26 03:52:07,100.00,0.00,409.50,960,7.79,2786.4
2026-08-26 03:52:12,100.00,0.00,408.75,989,7.87,2786.7
2026-08-26 03:52:17,100.00,0.00,409.50,965,7.73,2787.6
2026-08-26 03:52:22,100.00,0.00,409.25,976,7.63,2787.1
2026-08-26 03:52:27,100.00,0.00,409.50,967,7.68,2787.3
2026-08-26 03:52:32,100.00,0.00,409.75,963,7.83,2788.3
2026-08-26 03:52:37,100.00,0.00,408.75,955,7.87,2788.9
2026-08-26 03:52:42,100.00,0.00,409.50,954,7.82,2786.2
2026-08-26 03:52:47,100.00,0.00,409.50,971,7.63,2786.7
2026-08-26 03:52:52,100.00,0.00,409.50,976,7.53,2784.5
2026-08-26 03:52:57,100.00,0.00,409.50,956,7.79,2786.2
2026-08-26 03:53:02,100.00,0.00,409.00,949,7.91,2786.2
2026-08-26 03:53:07,100.00,0.00,409.75,958,7.77,2785.3
2026-08-26 03:53:12,100.00,0.00,409.25,972,7.61,2786.9
2026-08-26 03:53:17,100.00,0.00,409.00,973,7.63,2789.9
2026-08-26 03:53:22,100.00,0.00,409.25,955,7.82,2788.9
2026-08-26 03:53:27,100.00,0.00,392.50,953,7.87,2788.7
2026-08-26 03:53:32,100.00,0.00,389.00,956,7.81,2786.9
2026-08-26 03:53:37,100.00,0.00,409.25,963,7.71,2787.0
2026-08-26 03:53:42,100.00,0.00,409.50,967,7.62,2786.9
2026-08-26 03:53:47,100.00,0.00,409.25,976,7.60,2785.5
2026-08-26 03:53:52,100.00,0.00,409.50,977,7.60,2783.1
2026-08-26 03:53:57,100.00,0.00,410.00,974,7.62,2782.6
2026-08-26 03:54:02,100.00,0.00,409.50,959,7.77,2784.7
2026-08-26 03:54:07,100.00,0.00,409.50,949,7.82,2782.7
2026-08-26 03:54:12,100.00,0.00,409.25,975,7.63,2782.2
2026-08-26 03:54:17,100.00,0.00,409.00,975,7.58,2780.9
2026-08-26 03:54:22,100.00,0.00,409.50,967,7.66,2782.8
2026-08-26 03:54:27,100.00,0.00,409.75,956,7.80,2782.7
2026-08-26 03:54:32,100.00,0.00,409.75,976,7.61,2783.0
2026-08-26 03:54:37,100.00,0.00,409.75,979,7.55,2781.6
2026-08-26 03:54:42,100.00,0.00,410.25,962,7.76,2781.7
2026-08-26 03:54:47,100.00,0.00,410.25,970,7.66,2782.0
2026-08-26 03:54:52,100.00,0.00,410.00,985,7.50,2782.0
2026-08-26 03:54:57,100.00,0.00,410.75,970,7.66,2781.3
2026-08-26 03:55:02,100.00,0.00,410.75,967,7.66,2782.0
2026-08-26 03:55:07,100.00,0.00,410.75,988,7.49,2781.6
2026-08-26 03:55:12,100.00,0.00,410.75,967,7.70,2779.6
2026-08-26 03:55:17,100.00,0.00,411.25,966,7.75,2778.6
2026-08-26 03:55:22,100.00,0.00,411.25,985,7.49,2778.8
2026-08-26 03:55:27,100.00,0.00,391.25,970,7.67,2779.7
2026-08-26 03:55:32,100.00,0.00,389.50,965,7.78,2779.8
2026-08-26 03:55:37,100.00,0.00,417.25,983,7.44,2778.7
2026-08-26 03:55:42,100.00,0.00,410.50,981,7.54,2779.8
2026-08-26 03:55:47,100.00,0.00,412.50,964,7.70,2778.7
2026-08-26 03:55:52,100.00,0.00,412.50,969,7.71,2778.9
2026-08-26 03:55:57,100.00,0.00,412.50,983,7.53,2777.0
2026-08-26 03:56:02,100.00,0.00,412.75,991,7.45,2775.4
2026-08-26 03:56:07,100.00,0.00,412.50,976,7.60,2775.0
2026-08-26 03:56:12,100.00,0.00,412.75,951,7.80,2775.5
2026-08-26 03:56:17,100.00,0.00,413.00,961,7.77,2775.1
2026-08-26 03:56:22,100.00,0.00,412.50,971,7.63,2774.2
2026-08-26 03:56:27,100.00,0.00,412.50,987,7.49,2773.6
2026-08-26 03:56:32,100.00,0.00,413.50,983,7.53,2773.8
2026-08-26 03:56:37,100.00,0.00,413.25,967,7.72,2773.0
2026-08-26 03:56:42,100.00,0.00,413.25,983,7.57,2770.5
2026-08-26 03:56:47,100.00,0.00,414.00,994,7.45,2770.3
2026-08-26 03:56:52,100.00,0.00,413.75,973,7.62,2771.2
2026-08-26 03:56:57,100.00,0.00,414.50,971,7.66,2772.4
2026-08-26 03:57:02,100.00,0.00,414.00,990,7.45,2770.1
2026-08-26 03:57:07,100.00,0.00,413.50,1003,7.39,2769.6
2026-08-26 03:57:12,100.00,0.00,414.25,1001,7.35,2767.7
2026-08-26 03:57:17,100.00,0.00,414.50,978,7.60,2768.3
2026-08-26 03:57:22,100.00,0.00,414.00,977,7.44,2768.4
2026-08-26 03:57:27,100.00,0.00,393.50,993,7.44,2765.8
2026-08-26 03:57:32,100.00,0.00,395.25,1002,7.37,2764.6
2026-08-26 03:57:37,100.00,0.00,414.00,992,7.45,2765.6
2026-08-26 03:57:42,100.00,0.00,414.25,979,7.57,2766.6
2026-08-26 03:57:47,100.00,0.00,414.75,976,7.60,2765.2
2026-08-26 03:57:52,100.00,0.00,414.00,975,7.63,2764.3
2026-08-26 03:57:57,100.00,0.00,414.50,971,7.63,2763.2
2026-08-26 03:58:02,100.00,0.00,414.50,972,7.66,2763.2
2026-08-26 03:58:07,100.00,0.00,414.00,969,7.67,2762.0
2026-08-26 03:58:12,100.00,0.00,414.25,973,7.61,2760.4
2026-08-26 03:58:17,100.00,0.00,414.50,978,7.60,2758.2
2026-08-26 03:58:22,100.00,0.00,414.50,992,7.43,2757.1
2026-08-26 03:58:27,100.00,0.00,414.00,1007,7.29,2756.8
2026-08-26 03:58:32,100.00,0.00,414.50,1008,7.28,2755.0
2026-08-26 03:58:37,100.00,0.00,414.50,997,7.38,2751.8
2026-08-26 03:58:42,100.00,0.00,414.50,990,7.44,2747.9
2026-08-26 03:58:47,100.00,0.00,414.25,991,7.47,2745.6
2026-08-26 03:58:52,100.00,0.00,413.75,1003,7.33,2744.6
2026-08-26 03:58:57,100.00,0.00,414.50,1023,7.17,2743.1
2026-08-26 03:59:02,100.00,0.00,414.50,1004,7.34,2740.7
2026-08-26 03:59:07,100.00,0.00,414.50,993,7.39,2738.3
2026-08-26 03:59:12,100.00,0.00,414.25,1002,7.49,2737.0
2026-08-26 03:59:17,100.00,0.00,414.25,1003,7.32,2736.0
2026-08-26 03:59:22,100.00,0.00,413.50,1000,7.31,2734.2
2026-08-26 03:59:27,100.00,0.00,395.25,1001,7.39,2733.8
2026-08-26 03:59:32,100.00,0.00,394.75,1003,7.34,2735.1
2026-08-26 03:59:37,100.00,0.00,414.50,1002,7.35,2735.1
2026-08-26 03:59:42,100.00,0.00,414.00,1006,7.60,2734.4
2026-08-26 03:59:47,100.00,0.00,414.25,1010,7.28,2734.4
2026-08-26 03:59:52,100.00,0.00,414.00,1017,7.15,2733.1
2026-08-26 03:59:57,100.00,0.00,414.75,1022,7.15,2732.3
2026-08-26 04:00:02,100.00,0.00,414.25,1023,7.15,2732.6
2026-08-26 04:00:07,100.00,0.00,414.75,1023,6.97,2731.8
2026-08-26 04:00:12,100.00,0.00,414.50,1015,7.15,2729.5
2026-08-26 04:00:17,100.00,0.00,414.00,1023,7.15,2727.8
2026-08-26 04:00:22,100.00,0.00,414.25,1017,7.18,2727.0
2026-08-26 04:00:27,100.00,0.00,414.25,1016,7.19,2726.8
2026-08-26 04:00:32,100.00,0.00,414.50,1013,7.23,2726.6
2026-08-26 04:00:37,100.00,0.00,415.00,1018,7.18,2726.3
2026-08-26 04:00:42,100.00,0.00,413.75,1011,7.22,2723.4
2026-08-26 04:00:47,100.00,0.00,414.25,1008,7.26,2723.3
2026-08-26 04:00:52,100.00,0.00,413.75,1019,7.18,2723.2
2026-08-26 04:00:57,100.00,0.00,414.25,1012,7.24,2723.7
2026-08-26 04:01:02,100.00,0.00,414.25,1001,7.36,2722.1
2026-08-26 04:01:07,100.00,0.00,414.00,991,7.42,2721.7
2026-08-26 04:01:12,100.00,0.00,414.00,995,7.41,2720.8
2026-08-26 04:01:17,100.00,0.00,414.50,995,7.43,2719.7
2026-08-26 04:01:22,100.00,0.00,414.00,990,7.43,2721.2
2026-08-26 04:01:27,100.00,0.00,396.00,989,7.31,2721.4
2026-08-26 04:01:32,100.00,0.00,392.75,1013,7.24,2719.6
2026-08-26 04:01:37,100.00,0.00,416.50,1023,7.15,2719.8
2026-08-26 04:01:42,100.00,0.00,413.75,1015,7.24,2718.7
2026-08-26 04:01:47,100.00,0.00,414.00,997,7.34,2717.3
2026-08-26 04:01:52,100.00,0.00,413.50,1005,7.41,2716.2
2026-08-26 04:01:57,100.00,0.00,414.00,1007,7.31,2715.9
2026-08-26 04:02:02,100.00,0.00,414.00,1018,7.24,2715.9
2026-08-26 04:02:07,100.00,0.00,414.00,1034,7.05,2713.4
2026-08-26 04:02:12,100.00,0.00,414.00,1022,7.35,2710.8
2026-08-26 04:02:17,100.00,0.00,413.50,999,7.34,2710.5
2026-08-26 04:02:22,100.00,0.00,414.25,995,7.29,2709.8
2026-08-26 04:02:27,100.00,0.00,414.00,992,7.45,2710.6
2026-08-26 04:02:32,100.00,0.00,414.00,995,7.41,2710.6
2026-08-26 04:02:37,100.00,0.00,414.00,1008,7.33,2708.0
2026-08-26 04:02:42,100.00,0.00,414.25,1023,7.15,2708.8
2026-08-26 04:02:47,100.00,0.00,414.25,1023,7.04,2708.2
2026-08-26 04:02:52,100.00,0.00,414.00,1015,7.19,2706.8
2026-08-26 04:02:57,100.00,0.00,414.25,1006,7.29,2706.4
2026-08-26 04:03:02,100.00,0.00,413.75,1007,7.29,2707.5
2026-08-26 04:03:07,100.00,0.00,414.00,1023,7.04,2709.5
2026-08-26 04:03:12,100.00,0.00,414.50,1044,6.96,2711.5
2026-08-26 04:03:17,100.00,0.00,414.25,1040,7.00,0.0
2026-08-26 04:03:22,100.00,0.00,414.75,1003,7.22,2710.2
2026-08-26 04:03:27,100.00,0.00,394.25,1011,7.30,2709.9
2026-08-26 04:03:32,100.00,0.00,395.50,1022,7.15,2710.4
2026-08-26 04:03:37,100.00,0.00,415.00,1031,7.00,2710.7
2026-08-26 04:03:42,100.00,0.00,414.50,1038,6.99,2710.2
2026-08-26 04:03:47,100.00,0.00,414.50,1042,6.99,2710.3
2026-08-26 04:03:52,100.00,0.00,414.50,1045,6.92,2710.4
2026-08-26 04:03:57,100.00,0.00,414.00,1058,6.90,2710.7
2026-08-26 04:04:02,100.00,0.00,414.75,1047,6.94,2710.3
2026-08-26 04:04:07,100.00,0.00,414.50,1047,6.94,2711.3
2026-08-26 04:04:12,100.00,0.00,414.75,1046,6.90,2711.7
2026-08-26 04:04:17,100.00,0.00,414.75,1046,6.93,2710.1
2026-08-26 04:04:22,100.00,0.00,414.25,1035,6.96,2708.9
2026-08-26 04:04:27,100.00,0.00,414.50,1047,6.97,2708.8
2026-08-26 04:04:32,100.00,0.00,414.75,1022,7.16,2708.0
2026-08-26 04:04:37,100.00,0.00,414.75,1031,7.15,2707.2
2026-08-26 04:04:42,100.00,0.00,414.75,1052,6.89,2706.4
2026-08-26 04:04:47,100.00,0.00,414.75,1045,6.97,2705.7
2026-08-26 04:04:52,100.00,0.00,414.25,1023,7.15,2705.1
2026-08-26 04:04:57,100.00,0.00,414.25,1008,7.05,2705.2
2026-08-26 04:05:02,100.00,0.00,414.50,1055,6.84,2706.0
2026-08-26 04:05:07,100.00,0.00,414.75,1061,6.80,2706.4
2026-08-26 04:05:12,100.00,0.00,414.75,1055,6.87,2707.4
2026-08-26 04:05:17,100.00,0.00,415.00,1047,6.93,2709.7
2026-08-26 04:05:22,100.00,0.00,414.50,1041,6.72,2709.3
2026-08-26 04:05:27,100.00,0.00,397.00,1039,7.06,2707.2
2026-08-26 04:05:32,100.00,0.00,394.25,1042,7.00,2705.5
2026-08-26 04:05:37,100.00,0.00,415.00,1060,6.87,2703.8
2026-08-26 04:05:42,100.00,0.00,415.00,1044,6.97,2701.9
2026-08-26 04:05:47,100.00,0.00,414.75,1055,6.90,2702.3
2026-08-26 04:05:52,100.00,0.00,414.75,1023,7.04,2702.5
2026-08-26 04:05:57,100.00,0.00,415.00,1039,7.15,2703.4
2026-08-26 04:06:02,100.00,0.00,414.50,1035,7.04,2703.9
2026-08-26 04:06:07,100.00,0.00,414.75,1040,6.99,2702.1
2026-08-26 04:06:12,100.00,0.00,414.25,1041,6.99,2699.8
2026-08-26 04:06:17,100.00,0.00,414.75,1051,6.90,2700.3
2026-08-26 04:06:22,100.00,0.00,415.00,1056,6.84,2702.1
2026-08-26 04:06:27,100.00,0.00,415.00,1056,6.90,2703.2
2026-08-26 04:06:32,100.00,0.00,414.50,1058,6.87,2703.1
2026-08-26 04:06:37,100.00,0.00,414.75,1063,6.87,2701.7
2026-08-26 04:06:42,100.00,0.00,414.75,1039,6.99,2700.5
2026-08-26 04:06:47,100.00,0.00,414.50,1017,7.17,2699.0
2026-08-26 04:06:52,100.00,0.00,415.00,1019,7.19,2700.5
2026-08-26 04:06:57,100.00,0.00,415.25,1035,7.04,2700.8
2026-08-26 04:07:02,100.00,0.00,415.50,1045,6.94,2698.8
2026-08-26 04:07:07,100.00,0.00,415.25,1049,6.96,2697.5
2026-08-26 04:07:12,100.00,0.00,415.00,1039,7.02,2696.1
2026-08-26 04:07:17,100.00,0.00,414.25,1023,7.15,2695.7
2026-08-26 04:07:22,100.00,0.00,414.25,1023,7.15,2696.8
2026-08-26 04:07:27,100.00,0.00,398.50,1015,7.27,2697.1
2026-08-26 04:07:32,100.00,0.00,397.50,1008,7.30,2696.7
2026-08-26 04:07:37,100.00,0.00,414.50,1000,7.34,2696.6
2026-08-26 04:07:42,100.00,0.00,415.00,1003,7.35,2694.8
2026-08-26 04:07:47,100.00,0.00,415.25,1034,7.42,2694.1
2026-08-26 04:07:52,100.00,0.00,415.25,1001,7.36,2693.1
2026-08-26 04:07:57,100.00,0.00,415.75,997,7.42,2693.9
2026-08-26 04:08:02,100.00,0.00,415.50,997,7.38,2693.6
2026-08-26 04:08:07,100.00,0.00,414.75,999,7.35,2691.2
2026-08-26 04:08:12,100.00,0.00,415.25,995,7.37,2691.9
2026-08-26 04:08:17,100.00,0.00,415.00,998,7.43,2691.3
2026-08-26 04:08:22,100.00,0.00,415.00,992,7.43,2689.6
2026-08-26 04:08:27,100.00,0.00,415.00,982,7.41,2689.3
2026-08-26 04:08:32,100.00,0.00,415.00,1005,7.30,2691.4
2026-08-26 04:08:37,100.00,0.00,415.75,1009,7.19,2692.1
2026-08-26 04:08:42,100.00,0.00,415.50,1009,7.29,2692.8
2026-08-26 04:08:47,100.00,0.00,415.25,998,7.19,2692.9
2026-08-26 04:08:52,100.00,0.00,415.25,997,7.38,2690.3
2026-08-26 04:08:57,100.00,0.00,415.25,1005,7.35,2691.2
2026-08-26 04:09:02,100.00,0.00,415.50,1020,7.18,2692.4
2026-08-26 04:09:07,100.00,0.00,415.50,1031,7.04,2692.5
2026-08-26 04:09:12,100.00,0.00,415.75,1023,7.16,2692.6
2026-08-26 04:09:17,100.00,0.00,415.75,1010,7.23,2689.6
2026-08-26 04:09:22,100.00,0.00,416.00,993,7.42,2687.2
2026-08-26 04:09:27,100.00,0.00,395.50,998,7.36,2685.5
2026-08-26 04:09:32,100.00,0.00,398.25,1014,7.22,2685.0
2026-08-26 04:09:37,100.00,0.00,416.00,1021,7.15,2683.9
2026-08-26 04:09:42,100.00,0.00,416.00,1023,7.22,2683.9
2026-08-26 04:09:47,100.00,0.00,415.75,1001,7.34,2683.8
2026-08-26 04:09:52,100.00,0.00,415.75,991,7.45,2684.2
2026-08-26 04:09:57,100.00,0.00,415.75,1013,7.23,2683.2
2026-08-26 04:10:02,100.00,0.00,415.75,1017,7.20,2681.6
2026-08-26 04:10:07,100.00,0.00,416.00,993,7.38,2680.9
2026-08-26 04:10:12,100.00,0.00,415.75,981,7.45,2680.5
2026-08-26 04:10:17,100.00,0.00,415.75,1013,7.25,2682.7
2026-08-26 04:10:22,100.00,0.00,416.00,1011,7.22,2683.9
2026-08-26 04:10:27,100.00,0.00,415.75,987,7.49,2682.8
2026-08-26 04:10:32,100.00,0.00,415.75,1004,7.35,2680.8
2026-08-26 04:10:37,100.00,0.00,415.75,1017,7.22,2681.2
2026-08-26 04:10:42,100.00,0.00,416.00,989,7.46,2683.1
2026-08-26 04:10:47,100.00,0.00,415.25,987,7.47,2682.6
2026-08-26 04:10:52,100.00,0.00,416.00,1023,7.28,2680.3
2026-08-26 04:10:57,100.00,0.00,416.00,1020,7.22,2680.0
2026-08-26 04:11:02,100.00,0.00,416.00,985,7.82,2680.2
2026-08-26 04:11:07,100.00,0.00,415.75,992,7.45,2681.6
2026-08-26 04:11:12,100.00,0.00,416.00,1006,7.30,2681.6
2026-08-26 04:11:17,100.00,0.00,416.00,1017,7.19,2681.6
2026-08-26 04:11:22,100.00,0.00,416.00,1008,7.39,2681.9
2026-08-26 04:11:27,100.00,0.00,399.50,990,7.43,2680.0
2026-08-26 04:11:32,100.00,0.00,397.50,1022,7.15,2678.5
2026-08-26 04:11:37,100.00,0.00,414.25,992,7.29,2678.1
2026-08-26 04:11:42,100.00,0.00,416.00,999,7.35,2677.4
2026-08-26 04:11:47,100.00,0.00,416.25,1016,7.22,2677.7
2026-08-26 04:11:52,100.00,0.00,415.25,986,7.60,2678.4
2026-08-26 04:11:57,100.00,0.00,416.25,1013,7.16,2681.8
2026-08-26 04:12:02,100.00,0.00,416.00,1004,7.34,2683.0
2026-08-26 04:12:07,100.00,0.00,415.75,1008,7.28,2684.4
2026-08-26 04:12:12,100.00,0.00,416.25,1018,7.18,2684.8
2026-08-26 04:12:17,100.00,0.00,416.00,1002,7.37,2684.9
2026-08-26 04:12:22,100.00,0.00,416.75,1033,7.15,2684.3
2026-08-26 04:12:27,100.00,0.00,416.00,991,7.42,2684.3
2026-08-26 04:12:32,100.00,0.00,416.25,1015,7.23,2684.1
2026-08-26 04:12:37,100.00,0.00,416.00,1038,6.77,2684.1
2026-08-26 04:12:42,100.00,0.00,416.25,1023,7.16,2685.1
2026-08-26 04:12:47,100.00,0.00,416.50,1007,7.30,2684.1
2026-08-26 04:12:52,100.00,0.00,416.00,1002,7.35,2683.9
2026-08-26 04:12:57,100.00,0.00,416.00,1005,7.29,2683.2
2026-08-26 04:13:02,100.00,0.00,416.00,1012,7.22,2681.3
2026-08-26 04:13:07,100.00,0.00,416.25,1020,7.15,2680.9
2026-08-26 04:13:12,100.00,0.00,416.25,1023,7.04,2681.2
2026-08-26 04:13:17,100.00,0.00,416.50,1021,7.17,2682.9
2026-08-26 04:13:22,100.00,0.00,416.50,1003,7.34,2683.4
2026-08-26 04:13:27,100.00,0.00,398.50,992,7.45,2681.9
2026-08-26 04:13:32,100.00,0.00,400.25,1007,7.31,2681.4
2026-08-26 04:13:37,100.00,0.00,416.75,1019,7.22,2680.0
2026-08-26 04:13:42,100.00,0.00,417.25,1035,7.02,2678.5
2026-08-26 04:13:47,100.00,0.00,416.50,1022,7.16,2678.7
2026-08-26 04:13:52,100.00,0.00,417.75,1006,7.29,2680.1
2026-08-26 04:13:57,100.00,0.00,417.25,998,7.37,2680.3
2026-08-26 04:14:02,100.00,0.00,417.00,987,7.50,2679.6
2026-08-26 04:14:07,100.00,0.00,417.25,995,7.41,2679.1
2026-08-26 04:14:12,100.00,0.00,416.75,1003,7.40,2679.1
2026-08-26 04:14:17,100.00,0.00,417.25,997,7.37,2679.4
2026-08-26 04:14:22,100.00,0.00,417.25,1008,7.29,2678.4
2026-08-26 04:14:27,100.00,0.00,416.75,1008,7.27,2676.9
2026-08-26 04:14:32,100.00,0.00,417.00,1005,7.30,2677.3
2026-08-26 04:14:37,100.00,0.00,417.25,1002,7.38,2677.9
2026-08-26 04:14:42,100.00,0.00,417.75,1001,7.37,2677.1
2026-08-26 04:14:47,100.00,0.00,417.25,1006,7.30,2677.1
2026-08-26 04:14:52,100.00,0.00,417.75,1010,7.27,2676.0
2026-08-26 04:14:57,100.00,0.00,418.00,1023,7.23,2675.2
2026-08-26 04:15:02,100.00,0.00,418.25,1020,7.18,2674.8
2026-08-26 04:15:07,100.00,0.00,418.25,1014,7.29,2675.7
2026-08-26 04:15:12,100.00,0.00,418.50,1014,7.26,2676.4
2026-08-26 04:15:17,100.00,0.00,419.25,1007,7.18,2674.6
2026-08-26 04:15:22,100.00,0.00,418.75,987,7.38,2674.5
2026-08-26 04:15:27,100.00,0.00,400.75,986,7.43,2672.8
2026-08-26 04:15:32,100.00,0.00,401.00,990,7.45,2670.6
2026-08-26 04:15:37,100.00,0.00,419.00,1008,7.30,2669.1
2026-08-26 04:15:42,100.00,0.00,419.25,1008,7.29,2667.8
2026-08-26 04:15:47,100.00,0.00,419.25,1016,7.21,2666.0
2026-08-26 04:15:52,100.00,0.00,420.00,1013,7.28,2666.3
2026-08-26 04:15:57,100.00,0.00,419.75,1002,7.33,2666.4
2026-08-26 04:16:02,100.00,0.00,419.50,999,7.38,2667.1
2026-08-26 04:16:07,100.00,0.00,420.25,996,7.29,2665.7
2026-08-26 04:16:12,100.00,0.00,420.75,1002,7.37,2665.4
2026-08-26 04:16:17,100.00,0.00,420.25,1009,7.15,2664.3
2026-08-26 04:16:22,100.00,0.00,420.25,1031,7.04,2665.7
2026-08-26 04:16:27,100.00,0.00,420.00,1039,7.03,2666.3
2026-08-26 04:16:32,100.00,0.00,420.25,1040,6.99,2663.8
2026-08-26 04:16:37,100.00,0.00,420.25,1037,7.04,2663.7
2026-08-26 04:16:42,100.00,0.00,420.75,1037,7.02,2663.0
2026-08-26 04:16:47,100.00,0.00,420.75,1035,6.82,2663.8
2026-08-26 04:16:52,100.00,0.00,420.75,1023,7.15,2665.5
2026-08-26 04:16:57,100.00,0.00,420.75,1023,7.15,2668.1
2026-08-26 04:17:02,100.00,0.00,421.25,1023,7.05,2668.8
2026-08-26 04:17:07,100.00,0.00,421.00,1031,7.05,2666.6
2026-08-26 04:17:12,100.00,0.00,420.25,1033,7.04,2667.0
2026-08-26 04:17:17,100.00,0.00,421.25,1033,7.01,2664.8
2026-08-26 04:17:22,100.00,0.00,420.75,1008,7.16,2663.0
2026-08-26 04:17:27,100.00,0.00,403.50,1033,7.04,2659.9
2026-08-26 04:17:32,100.00,0.00,405.00,1036,7.19,2659.2
2026-08-26 04:17:37,100.00,0.00,421.00,1038,6.99,2658.0
2026-08-26 04:17:42,100.00,0.00,421.00,1038,7.04,2658.2
2026-08-26 04:17:47,100.00,0.00,421.00,1042,7.00,2656.8
2026-08-26 04:17:52,100.00,0.00,421.25,1049,6.94,2655.4
2026-08-26 04:17:57,100.00,0.00,421.00,1054,6.87,2654.5
2026-08-26 04:18:02,100.00,0.00,421.00,1061,6.83,2652.8
2026-08-26 04:18:07,100.00,0.00,420.50,1057,6.82,2652.7
2026-08-26 04:18:12,100.00,0.00,420.75,1065,6.80,2652.5
2026-08-26 04:18:17,100.00,0.00,420.50,1069,6.80,2652.9
2026-08-26 04:18:22,100.00,0.00,421.50,1066,6.80,2654.8
2026-08-26 04:18:27,100.00,0.00,421.50,1059,6.80,2654.1
2026-08-26 04:18:32,100.00,0.00,420.75,1055,6.79,2653.3
2026-08-26 04:18:37,100.00,0.00,420.75,1053,6.85,2652.6
2026-08-26 04:18:42,100.00,0.00,420.75,1013,7.23,2654.9
2026-08-26 04:18:47,100.00,0.00,421.00,1009,7.24,2654.6
2026-08-26 04:18:52,100.00,0.00,421.00,1023,7.05,2653.9
2026-08-26 04:18:57,100.00,0.00,420.75,995,7.39,2652.6
2026-08-26 04:19:02,100.00,0.00,420.75,962,7.75,2653.6
2026-08-26 04:19:07,100.00,0.00,420.75,940,8.02,2652.9
2026-08-26 04:19:12,100.00,0.00,421.00,939,8.05,2653.9
2026-08-26 04:19:17,100.00,0.00,421.00,960,7.77,2654.9
2026-08-26 04:19:22,100.00,0.00,420.25,963,7.82,2658.5
2026-08-26 04:19:27,100.00,0.00,402.00,945,7.89,2658.9
2026-08-26 04:19:32,100.00,0.00,403.25,942,8.02,2657.7
2026-08-26 04:19:37,100.00,0.00,423.50,935,8.01,2656.0
2026-08-26 04:19:42,100.00,0.00,420.25,938,7.99,2654.7
2026-08-26 04:19:47,100.00,0.00,421.00,946,7.90,2654.8
2026-08-26 04:19:52,100.00,0.00,420.00,973,7.85,2653.7
2026-08-26 04:19:57,100.00,0.00,420.25,994,7.37,2653.9
2026-08-26 04:20:02,100.00,0.00,420.25,991,7.41,2656.7
2026-08-26 04:20:07,100.00,0.00,419.75,989,7.49,2660.2
2026-08-26 04:20:12,100.00,0.00,420.50,963,7.45,2660.6
2026-08-26 04:20:17,100.00,0.00,419.75,993,7.46,2659.8
2026-08-26 04:20:22,100.00,0.00,420.50,1006,7.34,2657.5
2026-08-26 04:20:27,100.00,0.00,420.25,1035,7.01,2657.7
2026-08-26 04:20:32,100.00,0.00,419.25,1054,6.86,2657.7
2026-08-26 04:20:37,100.00,0.00,420.25,1062,6.81,2656.8
2026-08-26 04:20:42,100.00,0.00,419.50,1061,6.78,2656.0
2026-08-26 04:20:47,100.00,0.00,419.50,1061,6.83,2656.5
2026-08-26 04:20:52,100.00,0.00,419.75,1040,6.99,2654.8
2026-08-26 04:20:57,100.00,0.00,420.00,1019,7.18,2654.2
2026-08-26 04:21:02,100.00,0.00,419.75,1008,7.24,2652.6
2026-08-26 04:21:07,100.00,0.00,420.25,1006,7.34,2651.7
2026-08-26 04:21:12,100.00,0.00,419.75,1002,7.35,2652.3
2026-08-26 04:21:17,100.00,0.00,420.25,992,7.41,2652.4
2026-08-26 04:21:22,100.00,0.00,420.25,999,7.40,2655.3
2026-08-26 04:21:27,100.00,0.00,402.25,1019,7.16,2653.2
2026-08-26 04:21:32,100.00,0.00,403.75,1035,7.04,2651.2
2026-08-26 04:21:37,100.00,0.00,420.25,1034,7.05,2651.2
2026-08-26 04:21:42,100.00,0.00,420.50,1035,7.01,2650.9
2026-08-26 04:21:47,100.00,0.00,420.75,1034,7.04,2653.1
2026-08-26 04:21:52,100.00,0.00,420.50,1010,7.16,2653.8
2026-08-26 04:21:57,100.00,0.00,420.75,1010,7.29,2654.7
2026-08-26 04:22:02,100.00,0.00,420.25,1013,7.23,2654.1
2026-08-26 04:22:07,100.00,0.00,421.50,1011,7.24,2651.6
2026-08-26 04:22:12,100.00,0.00,420.75,1033,7.02,2649.4
2026-08-26 04:22:17,100.00,0.00,420.75,1040,6.99,2650.4
2026-08-26 04:22:22,100.00,0.00,421.00,1043,6.94,2650.6
2026-08-26 04:22:27,100.00,0.00,420.00,1042,6.97,2647.8
2026-08-26 04:22:32,100.00,0.00,420.50,1031,6.90,2648.6
2026-08-26 04:22:37,100.00,0.00,420.50,1008,7.30,2647.7
2026-08-26 04:22:42,100.00,0.00,420.50,1009,7.29,2647.3
2026-08-26 04:22:47,100.00,0.00,419.75,1009,7.27,2645.1
2026-08-26 04:22:52,100.00,0.00,419.75,1030,7.15,2642.8
2026-08-26 04:22:57,100.00,0.00,419.25,1021,7.22,2641.4
2026-08-26 04:23:02,100.00,0.00,419.50,1015,7.23,2643.2
2026-08-26 04:23:07,100.00,0.00,418.75,1011,7.25,2649.9
2026-08-26 04:23:12,100.00,0.00,418.75,1003,7.33,2653.4
2026-08-26 04:23:17,100.00,0.00,418.25,989,7.50,2654.6
2026-08-26 04:23:22,100.00,0.00,417.75,984,7.76,2651.5
2026-08-26 04:23:27,100.00,0.00,399.00,983,7.50,2649.0
2026-08-26 04:23:32,100.00,0.00,401.75,990,7.50,2647.9
2026-08-26 04:23:37,100.00,0.00,417.25,993,7.44,2646.4
2026-08-26 04:23:42,100.00,0.00,417.00,997,7.39,2645.6
2026-08-26 04:23:47,100.00,0.00,417.00,1003,7.29,2648.1
2026-08-26 04:23:52,100.00,0.00,417.50,1009,7.23,2649.0
2026-08-26 04:23:57,100.00,0.00,416.25,1023,7.05,2651.3
2026-08-26 04:24:02,100.00,0.00,417.00,1059,6.82,2652.3
2026-08-26 04:24:07,100.00,0.00,416.75,1072,6.71,2651.0
2026-08-26 04:24:12,100.00,0.00,417.50,1068,6.74,2651.5
2026-08-26 04:24:17,100.00,0.00,417.25,1057,7.01,2647.8
2026-08-26 04:24:22,100.00,0.00,417.00,1040,7.01,2644.6
2026-08-26 04:24:27,100.00,0.00,417.50,1010,7.30,2642.7
2026-08-26 04:24:32,100.00,0.00,417.75,1043,6.97,2641.9
2026-08-26 04:24:37,100.00,0.00,418.25,1056,6.91,2640.2
2026-08-26 04:24:42,100.00,0.00,418.25,1018,7.22,2638.8
2026-08-26 04:24:47,100.00,0.00,419.00,1043,6.94,2637.3
2026-08-26 04:24:52,100.00,0.00,417.75,1061,6.84,2637.2
2026-08-26 04:24:57,100.00,0.00,418.00,1021,7.15,2637.2
2026-08-26 04:25:02,100.00,0.00,418.50,1034,7.17,2635.2
2026-08-26 04:25:07,100.00,0.00,417.75,1038,6.99,2635.6
2026-08-26 04:25:12,100.00,0.00,417.75,1061,6.80,2636.9
2026-08-26 04:25:17,100.00,0.00,418.25,1071,6.71,2637.2
2026-08-26 04:25:22,100.00,0.00,417.75,1070,6.74,2635.8
2026-08-26 04:25:27,100.00,0.00,401.00,1041,6.99,2636.1
2026-08-26 04:25:32,100.00,0.00,400.25,1022,6.97,2636.7
2026-08-26 04:25:37,100.00,0.00,419.00,1046,6.98,2635.3
2026-08-26 04:25:42,100.00,0.00,418.25,1042,6.99,2636.3
2026-08-26 04:25:47,100.00,0.00,419.00,1036,7.03,2637.3
2026-08-26 04:25:52,100.00,0.00,419.75,1053,6.87,2635.2
2026-08-26 04:25:57,100.00,0.00,419.75,1081,6.63,2634.7
2026-08-26 04:26:02,100.00,0.00,419.25,1081,6.66,2635.0
2026-08-26 04:26:07,100.00,0.00,420.00,1065,6.77,2635.9
2026-08-26 04:26:12,100.00,0.00,420.50,1055,6.81,2634.3
2026-08-26 04:26:17,100.00,0.00,421.25,1076,6.67,2635.1
2026-08-26 04:26:22,100.00,0.00,420.50,1088,6.58,2636.0
2026-08-26 04:26:27,100.00,0.00,421.25,1060,6.69,2634.4
2026-08-26 04:26:32,100.00,0.00,421.25,1071,6.71,2633.9
2026-08-26 04:26:37,100.00,0.00,422.00,1074,6.69,2633.3
2026-08-26 04:26:42,100.00,0.00,422.25,1088,6.57,2635.5
2026-08-26 04:26:47,100.00,0.00,422.50,1122,6.31,2634.8
2026-08-26 04:26:52,100.00,0.00,422.00,1119,6.32,2635.0
2026-08-26 04:26:57,100.00,0.00,423.00,1109,6.36,2637.5
2026-08-26 04:27:02,100.00,0.00,422.50,1104,6.44,2640.2
2026-08-26 04:27:07,100.00,0.00,423.00,1100,6.49,2644.4
2026-08-26 04:27:12,100.00,0.00,423.50,1093,6.54,2644.6
2026-08-26 04:27:17,100.00,0.00,423.25,1088,6.63,2646.9
2026-08-26 04:27:22,100.00,0.00,423.50,1085,6.63,2646.7
2026-08-26 04:27:27,100.00,0.00,405.75,1079,6.65,2647.7
2026-08-26 04:27:32,100.00,0.00,406.25,1079,6.67,2648.3
2026-08-26 04:27:37,100.00,0.00,424.25,1077,6.67,2649.1
2026-08-26 04:27:42,100.00,0.00,424.25,1077,6.69,2648.1
2026-08-26 04:27:47,100.00,0.00,424.50,1081,6.62,2648.8
2026-08-26 04:27:52,100.00,0.00,424.25,1083,6.63,2650.4
2026-08-26 04:27:57,100.00,0.00,425.00,1070,6.74,2651.6
2026-08-26 04:28:02,100.00,0.00,425.50,1071,6.72,2653.0
2026-08-26 04:28:07,100.00,0.00,425.25,1073,6.74,2650.4
2026-08-26 04:28:12,100.00,0.00,425.75,1071,6.70,2652.9
2026-08-26 04:28:17,100.00,0.00,425.50,1079,6.67,2652.7
2026-08-26 04:28:22,100.00,0.00,425.50,1091,6.57,2650.6
2026-08-26 04:28:27,100.00,0.00,430.25,1121,6.33,2648.1
2026-08-26 04:28:32,100.00,0.00,430.00,1122,6.26,2647.2
2026-08-26 04:28:37,100.00,0.00,422.00,1136,6.21,2644.2
2026-08-26 04:28:42,100.00,0.00,419.75,1146,6.12,2643.7
2026-08-26 04:28:47,100.00,0.00,418.75,1156,6.06,2643.2
2026-08-26 04:28:52,100.00,0.00,411.00,1177,5.92,2642.5
2026-08-26 04:28:57,100.00,0.00,403.00,1188,5.84,2642.0
2026-08-26 04:29:02,100.00,0.00,397.25,1181,5.87,2640.0
2026-08-26 04:29:07,100.00,0.00,390.75,1173,5.95,2641.1
2026-08-26 04:29:12,100.00,0.00,384.25,1175,5.87,2644.0

